20000101
20191231
0.024034711
0.024034711
0.024034711
0.024034711
0.024034711
0.024034711
0.024034711
0.024034711
0.042014876
0.042014876
0.042014876
0.042014876
0.042014876
0.042014876
0.042014876
0.042014876
0.042840496
0.042840496
0.042840496
0.042840496
0.042840496
0.042840496
0.042840496
0.042840496
0
0
0
0
0
0
0
0
0.098917241
0.098917241
0.098917241
0.098917241
0.098917241
0.098917241
0.098917241
0.098917241
0.180317888
0.180317888
0.180317888
0.180317888
0.180317888
0.180317888
0.180317888
0.180317888
0.219767026
0.219767026
0.219767026
0.219767026
0.219767026
0.219767026
0.219767026
0.219767026
0.256272198
0.256272198
0.256272198
0.256272198
0.220126437
0.220126437
0.220126437
0.220126437
0.252114943
0.252114943
0.252114943
0.252114943
0.252114943
0.252114943
0.252114943
0.252114943
0.269310345
0.269310345
0.269310345
0.269310345
0.269310345
0.269310345
0.269310345
0.269310345
0.42937931
0.42937931
0.42937931
0.42937931
0.42937931
0.42937931
0.42937931
0.42937931
0.468574713
0.468574713
0.468574713
0.756805591
0.756805591
0.756805591
0.756805591
0.756805591
1.112540977
1.112540977
1.112540977
1.112540977
1.112540977
1.112540977
1.112540977
1.112540977
1.952868825
1.952868825
1.952868825
1.952868825
1.952868825
1.952868825
1.952868825
1.952868825
2.215688252
2.215688252
2.215688252
2.215688252
2.215688252
2.215688252
2.215688252
2.215688252
2.430722328
1.898385732
1.898385732
1.898385732
1.898385732
1.898385732
1.898385732
1.898385732
2.423101271
2.423101271
2.423101271
2.423101271
2.423101271
2.423101271
2.423101271
2.423101271
1.896790852
1.896790852
1.896790852
1.896790852
1.896790852
1.896790852
1.896790852
1.896790852
1.483078965
1.483078965
1.483078965
1.483078965
1.483078965
1.483078965
1.483078965
1.483078965
1.733525227
1.733525227
1.733525227
1.733525227
1.733525227
1.733525227
1.733525227
1.733525227
1.898968331
1.898968331
1.898968331
1.898968331
1.898968331
1.898968331
1.898968331
1.898968331
2.006550585
2.006550585
2.006550585
2.006550585
2.006550585
2.006550585
2.006550585
2.006550585
1.60807158
1.60807158
1.60807158
1.60807158
1.60807158
1.60807158
1.373211444
1.373211444
1.867464814
1.867464814
1.867464814
1.867464814
1.867464814
1.867464814
1.867464814
1.867464814
1.778163762
1.778163762
1.778163762
1.778163762
1.778163762
1.778163762
1.778163762
1.778163762
1.817903486
1.817903486
1.817903486
1.817903486
1.817903486
1.817903486
1.817903486
1.817903486
1.472031897
1.472031897
1.472031897
1.472031897
1.472031897
1.61736368
1.61736368
1.61736368
1.058707471
1.058707471
1.058707471
1.058707471
1.058707471
1.058707471
1.058707471
1.058707471
0.827110024
0.827110024
0.827110024
0.827110024
0.827110024
0.827110024
0.827110024
0.827110024
0.695788461
0.695788461
0.695788461
0.695788461
0.695788461
0.695788461
0.695788461
0.695788461
0.639009731
0.639009731
0.639009731
0.639009731
0.4418652
0.4418652
0.4418652
0.4418652
0.4820452
0.4820452
0.4820452
0.4820452
0.4820452
0.4820452
0.4820452
0.4820452
0.4674656
0.4674656
0.4674656
0.4674656
0.4674656
0.4674656
0.4674656
0.4674656
0.3803324
0.3803324
0.3803324
0.3803324
0.3803324
0.3803324
0.3803324
0.3803324
0.3563392
0.3563392
0.406341818
0.406341818
0.406341818
0.406341818
0.406341818
0.406341818
0.232887273
0.232887273
0.232887273
0.232887273
0.232887273
0.232887273
0.232887273
0.232887273
0.131956364
0.131956364
0.131956364
0.131956364
0.131956364
0.131956364
0.131956364
0.131956364
0.077498182
0.077498182
0.077498182
0.077498182
0.077498182
0.077498182
0.077498182
0.077498182
0.061134545
0.088399055
0.088399055
0.088399055
0.088399055
0.088399055
0.088399055
0.088399055
0.046754961
0.046754961
0.046754961
0.046754961
0.046754961
0.046754961
0.046754961
0.046754961
0.051108661
0.051108661
0.051108661
0.051108661
0.051108661
0.051108661
0.051108661
0.051108661
0.061708976
0.061708976
0.061708976
0.061708976
0.061708976
0.061708976
0.061708976
0.059067327
0.035150495
0.035150495
0.035150495
0.035150495
0.035150495
0.035150495
0.035150495
0.035150495
0
0
0
0
0
0
0
0
0.000543564
0.000543564
0.000543564
0.000543564
0.000543564
0.000543564
0.000543564
0.000543564
0
0
0
0
0
0
0
0
0
0
0
0
0
0
0.01788843
0.01788843
0.01788843
0.01788843
0.01788843
0.01788843
0.01788843
0.01788843
0.011191736
0.011191736
0.011191736
0.011191736
0.011191736
0.011191736
0.011191736
0.011191736
0.01706281
0.01706281
0.01706281
0.01706281
0.01706281
0.01706281
0.01706281
0.027378879
0.073010345
0.073010345
0.073010345
0.073010345
0.073010345
0.073010345
0.073010345
0.073010345
0.046367457
0.046367457
0.046367457
0.046367457
0.046367457
0.046367457
0.046367457
0.046367457
0.092293319
0.092293319
0.092293319
0.092293319
0.092293319
0.092293319
0.092293319
0.092293319
0.073599138
0.073599138
0.073599138
0.063218391
0.063218391
0.063218391
0.063218391
0.063218391
0.117712644
0.117712644
0.117712644
0.117712644
0.117712644
0.117712644
0.117712644
0.117712644
0.141735632
0.141735632
0.141735632
0.141735632
0.141735632
0.141735632
0.141735632
0.141735632
0.153114943
0.153114943
0.153114943
0.153114943
0.153114943
0.153114943
0.153114943
0.153114943
0.375896552
0.375896552
0.607119002
0.607119002
0.607119002
0.607119002
0.607119002
0.607119002
0.838694161
0.838694161
0.838694161
0.838694161
0.838694161
0.838694161
0.838694161
0.838694161
1.159917905
1.159917905
1.159917905
1.159917905
1.159917905
1.159917905
1.159917905
1.159917905
2.074170099
2.074170099
2.074170099
2.074170099
2.074170099
2.074170099
2.074170099
2.074170099
1.791847744
1.791847744
1.791847744
1.791847744
1.791847744
1.791847744
1.791847744
1.791847744
1.983073863
1.983073863
1.983073863
1.983073863
1.983073863
1.983073863
1.983073863
1.983073863
1.951495238
1.951495238
1.951495238
1.951495238
1.951495238
1.951495238
1.951495238
1.951495238
1.795994433
1.795994433
1.795994433
1.795994433
1.795994433
1.795994433
1.795994433
1.99257197
2.049901986
2.049901986
2.049901986
2.049901986
2.049901986
2.049901986
2.049901986
2.049901986
1.967268907
1.967268907
1.967268907
1.967268907
1.967268907
1.967268907
1.967268907
1.967268907
2.117140895
2.117140895
2.117140895
2.117140895
2.117140895
2.117140895
2.117140895
2.117140895
1.362472619
1.362472619
1.362472619
1.362472619
1.362472619
1.163482407
1.163482407
1.163482407
0.805975995
0.805975995
0.805975995
0.805975995
0.805975995
0.805975995
0.805975995
0.805975995
0.64233295
0.64233295
0.64233295
0.64233295
0.64233295
0.64233295
0.64233295
0.64233295
0.614076948
0.614076948
0.614076948
0.614076948
0.614076948
0.614076948
0.614076948
0.614076948
0.538677244
0.538677244
0.538677244
0.538677244
0.591860144
0.591860144
0.591860144
0.591860144
0.545706674
0.545706674
0.545706674
0.545706674
0.545706674
0.545706674
0.545706674
0.545706674
0.609956288
0.609956288
0.609956288
0.609956288
0.609956288
0.609956288
0.609956288
0.609956288
0.591694124
0.591694124
0.591694124
0.591694124
0.591694124
0.591694124
0.591694124
0.591694124
0.647642755
0.647642755
0.647642755
0.4478348
0.4478348
0.4478348
0.4478348
0.4478348
0.827708
0.827708
0.827708
0.827708
0.827708
0.827708
0.827708
0.827708
0.7868392
0.7868392
0.7868392
0.7868392
0.7868392
0.7868392
0.7868392
0.7868392
0.9611056
0.9611056
0.9611056
0.9611056
0.9611056
0.9611056
0.9611056
0.9611056
0.7839692
0.893978182
0.893978182
0.893978182
0.893978182
0.893978182
0.893978182
0.893978182
0.612654545
0.612654545
0.612654545
0.612654545
0.612654545
0.612654545
0.612654545
0.612654545
0.547069091
0.547069091
0.547069091
0.547069091
0.547069091
0.547069091
0.547069091
0.547069091
0.406341818
0.406341818
0.406341818
0.406341818
0.406341818
0.406341818
0.406341818
0.406341818
0.400540472
0.400540472
0.400540472
0.400540472
0.400540472
0.400540472
0.400540472
0.400540472
0.224120945
0.224120945
0.224120945
0.224120945
0.224120945
0.224120945
0.224120945
0.224120945
0.193266457
0.193266457
0.193266457
0.193266457
0.193266457
0.193266457
0.193266457
0.193266457
0.080827402
0.080827402
0.080827402
0.080827402
0.080827402
0.080827402
0.077367327
0.077367327
0.119765347
0.119765347
0.119765347
0.119765347
0.119765347
0.119765347
0.119765347
0.119765347
0.073018812
0.073018812
0.073018812
0.073018812
0.073018812
0.073018812
0.073018812
0.073018812
0.072656436
0.072656436
0.072656436
0.072656436
0.072656436
0.072656436
0.072656436
0.072656436
0.045840594
0.045840594
0.045840594
0.045840594
0.045840594
0.019447934
0.019447934
0.019447934
0.019447934
0.019447934
0.019447934
0.019447934
0.019447934
0.055775207
0.055775207
0.055775207
0.055775207
0.055775207
0.055775207
0.055775207
0.055775207
0.035318182
0.035318182
0.035318182
0.035318182
0.035318182
0.035318182
0.035318182
0.035318182
0.048986777
0.048986777
0.048986777
0.048986777
0.048986777
0.048986777
0.048986777
0.078603879
0.047545043
0.047545043
0.047545043
0.047545043
0.047545043
0.047545043
0.047545043
0.047545043
0.109662716
0.109662716
0.109662716
0.109662716
0.109662716
0.109662716
0.109662716
0.109662716
0.153822198
0.153822198
0.153822198
0.153822198
0.153822198
0.153822198
0.153822198
0.153822198
0.042098707
0.042098707
0.042098707
0.03616092
0.03616092
0.03616092
0.03616092
0.03616092
0.161333333
0.161333333
0.161333333
0.161333333
0.161333333
0.161333333
0.161333333
0.161333333
0.144390805
0.144390805
0.144390805
0.144390805
0.144390805
0.144390805
0.144390805
0.144390805
0.235551724
0.235551724
0.235551724
0.235551724
0.235551724
0.235551724
0.235551724
0.235551724
0.260965517
0.260965517
0.421491295
0.421491295
0.421491295
0.421491295
0.421491295
0.421491295
0.610590587
0.610590587
0.610590587
0.610590587
0.610590587
0.610590587
0.610590587
0.610590587
1.029835563
1.029835563
1.029835563
1.029835563
1.029835563
1.029835563
1.029835563
1.029835563
2.202414544
2.202414544
2.202414544
2.202414544
2.202414544
2.202414544
2.202414544
2.202414544
2.487374937
2.487374937
2.487374937
2.487374937
2.487374937
2.487374937
2.487374937
2.487374937
2.12166894
2.12166894
2.12166894
2.12166894
2.12166894
2.12166894
2.12166894
2.12166894
2.313054547
2.313054547
2.313054547
2.313054547
2.313054547
2.313054547
2.313054547
2.313054547
2.448300376
2.448300376
2.448300376
2.448300376
2.448300376
2.448300376
2.448300376
2.716274958
2.762634416
2.762634416
2.762634416
2.762634416
2.762634416
2.762634416
2.762634416
2.762634416
2.814479154
2.814479154
2.814479154
2.814479154
2.814479154
2.814479154
2.814479154
2.814479154
2.537030184
2.537030184
2.537030184
2.537030184
2.537030184
2.537030184
2.537030184
2.537030184
1.833321923
1.833321923
1.833321923
1.833321923
1.833321923
1.565563795
1.565563795
1.565563795
1.580371753
1.580371753
1.580371753
1.580371753
1.580371753
1.580371753
1.580371753
1.580371753
1.394667872
1.394667872
1.394667872
1.394667872
1.394667872
1.394667872
1.394667872
1.394667872
1.335284939
1.335284939
1.335284939
1.335284939
1.335284939
1.335284939
1.335284939
1.335284939
1.102890661
1.102890661
1.102890661
1.102890661
1.211777612
1.211777612
1.211777612
1.211777612
1.031978304
1.031978304
1.031978304
1.031978304
1.031978304
1.031978304
1.031978304
1.031978304
1.196503802
1.196503802
1.196503802
1.196503802
1.196503802
1.196503802
1.196503802
1.196503802
1.124617283
1.124617283
1.124617283
1.124617283
1.124617283
1.124617283
1.124617283
1.124617283
1.165790162
1.165790162
1.165790162
0.8061256
0.8061256
0.8061256
0.8061256
0.8061256
0.7199108
0.7199108
0.7199108
0.7199108
0.7199108
0.7199108
0.7199108
0.7199108
0.6772052
0.6772052
0.6772052
0.6772052
0.6772052
0.6772052
0.6772052
0.6772052
0.5977636
0.5977636
0.5977636
0.5977636
0.5977636
0.5977636
0.5977636
0.5977636
0.4203976
0.479389091
0.479389091
0.479389091
0.479389091
0.479389091
0.479389091
0.479389091
0.277003636
0.277003636
0.277003636
0.277003636
0.277003636
0.277003636
0.277003636
0.277003636
0.19728
0.19728
0.19728
0.19728
0.19728
0.19728
0.19728
0.19728
0.131956364
0.131956364
0.131956364
0.131956364
0.131956364
0.131956364
0.131956364
0.131956364
0.116603465
0.116603465
0.116603465
0.116603465
0.116603465
0.116603465
0.116603465
0.116603465
0.142347087
0.142347087
0.142347087
0.142347087
0.142347087
0.142347087
0.142347087
0.142347087
0.130421732
0.130421732
0.130421732
0.130421732
0.130421732
0.130421732
0.130421732
0.130421732
0.085181102
0.085181102
0.085181102
0.085181102
0.085181102
0.085181102
0.081534653
0.081534653
0.019205941
0.019205941
0.019205941
0.019205941
0.019205941
0.019205941
0.019205941
0.019205941
0.070482178
0.070482178
0.070482178
0.070482178
0.070482178
0.070482178
0.070482178
0.070482178
0.034063366
0.034063366
0.034063366
0.034063366
0.034063366
0.034063366
0.034063366
0.034063366
0.060516832
0.060516832
0.060516832
0.060516832
0.060516832
0.044858678
0.044858678
0.044858678
0.044858678
0.044858678
0.044858678
0.044858678
0.044858678
0.018897521
0.018897521
0.018897521
0.018897521
0.018897521
0.018897521
0.018897521
0.018897521
0.018255372
0.018255372
0.018255372
0.018255372
0.018255372
0.018255372
0.018255372
0.018255372
0.052380992
0.052380992
0.052380992
0.052380992
0.052380992
0.052380992
0.052380992
0.084050216
0.060204095
0.060204095
0.060204095
0.060204095
0.060204095
0.060204095
0.060204095
0.060204095
0.087288578
0.087288578
0.087288578
0.087288578
0.087288578
0.087288578
0.087288578
0.087288578
0.045484267
0.045484267
0.045484267
0.045484267
0.045484267
0.045484267
0.045484267
0.045484267
0.0256125
0.0256125
0.0256125
0.022
0.022
0.022
0.022
0.022
0.155770115
0.155770115
0.155770115
0.155770115
0.155770115
0.155770115
0.155770115
0.155770115
0.174229885
0.174229885
0.174229885
0.174229885
0.174229885
0.174229885
0.174229885
0.174229885
0.225563218
0.225563218
0.225563218
0.225563218
0.225563218
0.225563218
0.225563218
0.225563218
0.394229885
0.394229885
0.636729582
0.636729582
0.636729582
0.636729582
0.636729582
0.636729582
1.05434087
1.05434087
1.05434087
1.05434087
1.05434087
1.05434087
1.05434087
1.05434087
1.226694869
1.226694869
1.226694869
1.226694869
1.226694869
1.226694869
1.226694869
1.226694869
1.552207042
1.552207042
1.552207042
1.552207042
1.552207042
1.552207042
1.552207042
1.552207042
1.626458682
1.626458682
1.626458682
1.626458682
1.626458682
1.626458682
1.626458682
1.626458682
1.56824556
1.56824556
1.56824556
1.56824556
1.56824556
1.56824556
1.56824556
1.56824556
1.482281525
1.482281525
1.482281525
1.482281525
1.482281525
1.482281525
1.482281525
1.482281525
1.642407483
1.642407483
1.642407483
1.642407483
1.642407483
1.642407483
1.642407483
1.82217442
1.825890254
1.825890254
1.825890254
1.825890254
1.825890254
1.825890254
1.825890254
1.825890254
2.438295155
2.438295155
2.438295155
2.438295155
2.438295155
2.438295155
2.438295155
2.438295155
2.383973195
2.383973195
2.383973195
2.383973195
2.383973195
2.383973195
2.383973195
2.383973195
2.15394535
2.15394535
2.15394535
2.15394535
2.15394535
1.839359915
1.839359915
1.839359915
1.525068563
1.525068563
1.525068563
1.525068563
1.525068563
1.525068563
1.525068563
1.525068563
1.17496613
1.17496613
1.17496613
1.17496613
1.17496613
1.17496613
1.17496613
1.17496613
0.985333607
0.985333607
0.985333607
0.985333607
0.985333607
0.985333607
0.985333607
0.985333607
0.876087142
0.876087142
0.876087142
0.876087142
0.962582079
0.962582079
0.962582079
0.962582079
0.918586865
0.918586865
0.918586865
0.918586865
0.918586865
0.918586865
0.918586865
0.918586865
0.756053603
0.756053603
0.756053603
0.756053603
0.756053603
0.756053603
0.756053603
0.756053603
0.59352034
0.59352034
0.59352034
0.59352034
0.59352034
0.59352034
0.59352034
0.59352034
0.725672002
0.725672002
0.725672002
0.5017908
0.5017908
0.5017908
0.5017908
0.5017908
0.6803048
0.6803048
0.6803048
0.6803048
0.6803048
0.6803048
0.6803048
0.6803048
0.7145152
0.7145152
0.7145152
0.7145152
0.7145152
0.7145152
0.7145152
0.7145152
0.7063644
0.7063644
0.7063644
0.7063644
0.7063644
0.7063644
0.7063644
0.7063644
0.5109748
0.582676364
0.582676364
0.582676364
0.582676364
0.582676364
0.582676364
0.582676364
0.560814545
0.560814545
0.560814545
0.560814545
0.560814545
0.560814545
0.560814545
0.560814545
0.407650909
0.407650909
0.407650909
0.407650909
0.407650909
0.407650909
0.407650909
0.407650909
0.258807273
0.258807273
0.258807273
0.258807273
0.258807273
0.258807273
0.258807273
0.258807273
0.237182047
0.237182047
0.237182047
0.237182047
0.237182047
0.237182047
0.237182047
0.237182047
0.239264252
0.239264252
0.239264252
0.239264252
0.239264252
0.239264252
0.239264252
0.239264252
0.194591496
0.194591496
0.194591496
0.194591496
0.194591496
0.194591496
0.194591496
0.194591496
0.104110236
0.104110236
0.104110236
0.104110236
0.104110236
0.104110236
0.099653465
0.099653465
0.082621782
0.082621782
0.082621782
0.082621782
0.082621782
0.082621782
0.082621782
0.082621782
0.053450495
0.053450495
0.053450495
0.053450495
0.053450495
0.053450495
0.053450495
0.053450495
0.08280297
0.08280297
0.08280297
0.08280297
0.08280297
0.08280297
0.08280297
0.08280297
0.082078218
0.082078218
0.082078218
0.082078218
0.082078218
0.021557851
0.021557851
0.021557851
0.021557851
0.021557851
0.021557851
0.021557851
0.021557851
0.027520661
0.027520661
0.027520661
0.027520661
0.027520661
0.027520661
0.027520661
0.027520661
0.019814876
0.019814876
0.019814876
0.019814876
0.019814876
0.019814876
0.019814876
0.019814876
0.018989256
0.018989256
0.018989256
0.018989256
0.018989256
0.018989256
0.018989256
0.030470043
0.016044612
0.016044612
0.016044612
0.016044612
0.016044612
0.016044612
0.016044612
0.016044612
0.019871767
0.019871767
0.019871767
0.019871767
0.019871767
0.019871767
0.019871767
0.019871767
0.080075862
0.080075862
0.080075862
0.080075862
0.080075862
0.080075862
0.080075862
0.080075862
0.075512716
0.075512716
0.075512716
0.075512716
0.064862069
0.064862069
0.064862069
0.064862069
0.108103448
0.108103448
0.108103448
0.108103448
0.108103448
0.108103448
0.108103448
0.108103448
0.157287356
0.157287356
0.157287356
0.157287356
0.157287356
0.157287356
0.157287356
0.157287356
0.195597701
0.195597701
0.195597701
0.195597701
0.195597701
0.195597701
0.195597701
0.195597701
0.36691954
0.36691954
0.36691954
0.592620028
0.592620028
0.592620028
0.592620028
0.592620028
0.665319108
0.665319108
0.665319108
0.665319108
0.665319108
0.665319108
0.665319108
0.665319108
1.470931104
1.470931104
1.470931104
1.470931104
1.470931104
1.470931104
1.470931104
1.470931104
1.806041189
1.806041189
1.806041189
1.806041189
1.806041189
1.806041189
1.806041189
1.806041189
2.226103008
1.73857875
1.73857875
1.73857875
1.73857875
1.73857875
1.73857875
1.73857875
1.85133677
1.85133677
1.85133677
1.85133677
1.85133677
1.85133677
1.85133677
1.85133677
1.706840637
1.706840637
1.706840637
1.706840637
1.706840637
1.706840637
1.706840637
1.706840637
1.357083441
1.357083441
1.357083441
1.357083441
1.357083441
1.357083441
1.357083441
1.357083441
1.503320438
1.503320438
1.503320438
1.503320438
1.503320438
1.503320438
1.503320438
1.503320438
1.694420494
1.694420494
1.694420494
1.694420494
1.694420494
1.694420494
1.694420494
1.694420494
1.79580969
1.79580969
1.79580969
1.79580969
1.79580969
1.79580969
1.79580969
1.79580969
1.798463857
1.798463857
1.798463857
1.798463857
1.798463857
1.798463857
1.535796777
1.535796777
2.13249704
2.13249704
2.13249704
2.13249704
2.13249704
2.13249704
2.13249704
2.13249704
1.957521375
1.957521375
1.957521375
1.957521375
1.957521375
1.957521375
1.957521375
1.957521375
1.641567905
1.641567905
1.641567905
1.641567905
1.641567905
1.641567905
1.641567905
1.641567905
1.634919434
1.634919434
1.634919434
1.634919434
1.634919434
1.79633289
1.79633289
1.79633289
1.823560117
1.823560117
1.823560117
1.823560117
1.823560117
1.823560117
1.823560117
1.823560117
1.536678118
1.536678118
1.536678118
1.536678118
1.536678118
1.536678118
1.536678118
1.536678118
1.756986227
1.756986227
1.756986227
1.756986227
1.756986227
1.756986227
1.756986227
1.756986227
1.628486998
1.628486998
1.628486998
1.628486998
1.1260732
1.1260732
1.1260732
1.1260732
0.9521512
0.9521512
0.9521512
0.9521512
0.9521512
0.9521512
0.9521512
0.9521512
0.6433392
0.6433392
0.6433392
0.6433392
0.6433392
0.6433392
0.6433392
0.6433392
0.460922
0.460922
0.460922
0.460922
0.460922
0.460922
0.460922
0.460922
0.305942
0.305942
0.348872727
0.348872727
0.348872727
0.348872727
0.348872727
0.348872727
0.237338182
0.237338182
0.237338182
0.237338182
0.237338182
0.237338182
0.237338182
0.237338182
0.281716364
0.281716364
0.281716364
0.281716364
0.281716364
0.281716364
0.281716364
0.281716364
0.188247273
0.188247273
0.188247273
0.188247273
0.188247273
0.188247273
0.188247273
0.188247273
0.118865455
0.171876535
0.171876535
0.171876535
0.171876535
0.171876535
0.171876535
0.171876535
0.14707937
0.14707937
0.14707937
0.14707937
0.14707937
0.14707937
0.14707937
0.14707937
0.095024252
0.095024252
0.095024252
0.095024252
0.095024252
0.095024252
0.095024252
0.095024252
0.07912378
0.07912378
0.07912378
0.07912378
0.07912378
0.07912378
0.07912378
0.075736634
0.074105941
0.074105941
0.074105941
0.074105941
0.074105941
0.074105941
0.074105941
0.074105941
0.06160396
0.06160396
0.06160396
0.06160396
0.06160396
0.06160396
0.06160396
0.06160396
0.031889109
0.031889109
0.031889109
0.031889109
0.031889109
0.031889109
0.031889109
0.031889109
0.100015842
0.100015842
0.100015842
0.100015842
0.100015842
0.100015842
0.021741322
0.021741322
0.021741322
0.021741322
0.021741322
0.021741322
0.021741322
0.021741322
0.03843719
0.03843719
0.03843719
0.03843719
0.03843719
0.03843719
0.03843719
0.03843719
0.035042975
0.035042975
0.035042975
0.035042975
0.035042975
0.035042975
0.035042975
0.035042975
0.017796694
0.017796694
0.017796694
0.017796694
0.017796694
0.017796694
0.017796694
0.028556466
0.037829957
0.037829957
0.037829957
0.037829957
0.037829957
0.037829957
0.037829957
0.037829957
0.063442457
0.063442457
0.063442457
0.063442457
0.063442457
0.063442457
0.063442457
0.063442457
0.064325647
0.064325647
0.064325647
0.064325647
0.064325647
0.064325647
0.064325647
0.064325647
0.086994181
0.086994181
0.086994181
0.074724138
0.074724138
0.074724138
0.074724138
0.074724138
0.139965517
0.139965517
0.139965517
0.139965517
0.139965517
0.139965517
0.139965517
0.139965517
0.142747126
0.142747126
0.142747126
0.142747126
0.142747126
0.142747126
0.142747126
0.142747126
0.210011494
0.210011494
0.210011494
0.210011494
0.210011494
0.210011494
0.210011494
0.210011494
0.354402299
0.354402299
0.572403149
0.572403149
0.572403149
0.572403149
0.572403149
0.572403149
0.851355237
0.851355237
0.851355237
0.851355237
0.851355237
0.851355237
0.851355237
0.851355237
1.197492711
1.197492711
1.197492711
1.197492711
1.197492711
1.197492711
1.197492711
1.197492711
1.29510552
1.29510552
1.29510552
1.29510552
1.29510552
1.29510552
1.29510552
1.29510552
0.859799839
0.859799839
0.859799839
0.859799839
0.859799839
0.859799839
0.859799839
0.859799839
1.427417651
1.427417651
1.427417651
1.427417651
1.427417651
1.427417651
1.427417651
1.427417651
1.472712245
1.472712245
1.472712245
1.472712245
1.472712245
1.472712245
1.472712245
1.472712245
1.440017204
1.440017204
1.440017204
1.440017204
1.440017204
1.440017204
1.440017204
1.597631854
1.884458882
1.884458882
1.884458882
1.884458882
1.884458882
1.884458882
1.884458882
1.884458882
2.110947837
2.110947837
2.110947837
2.110947837
2.110947837
2.110947837
2.110947837
2.110947837
1.842523037
1.842523037
1.842523037
1.842523037
1.842523037
1.842523037
1.842523037
1.842523037
1.557111565
1.557111565
1.557111565
1.557111565
1.557111565
1.32969418
1.32969418
1.32969418
1.344199934
1.344199934
1.344199934
1.344199934
1.344199934
1.344199934
1.344199934
1.344199934
0.985786912
0.985786912
0.985786912
0.985786912
0.985786912
0.985786912
0.985786912
0.985786912
0.900565603
0.900565603
0.900565603
0.900565603
0.900565603
0.900565603
0.900565603
0.900565603
1.041543407
1.041543407
1.041543407
1.041543407
1.144373624
1.144373624
1.144373624
1.144373624
1.17209891
1.17209891
1.17209891
1.17209891
1.17209891
1.17209891
1.17209891
1.17209891
1.082116246
1.082116246
1.082116246
1.082116246
1.082116246
1.082116246
1.082116246
1.082116246
1.332639936
1.332639936
1.332639936
1.332639936
1.332639936
1.332639936
1.332639936
1.332639936
1.237676682
1.237676682
1.237676682
0.855834
0.855834
0.855834
0.855834
0.855834
0.6653808
0.6653808
0.6653808
0.6653808
0.6653808
0.6653808
0.6653808
0.6653808
0.6175092
0.6175092
0.6175092
0.6175092
0.6175092
0.6175092
0.6175092
0.6175092
0.6276116
0.6276116
0.6276116
0.6276116
0.6276116
0.6276116
0.6276116
0.6276116
0.459774
0.524290909
0.524290909
0.524290909
0.524290909
0.524290909
0.524290909
0.524290909
0.468916364
0.468916364
0.468916364
0.468916364
0.468916364
0.468916364
0.468916364
0.468916364
0.355810909
0.355810909
0.355810909
0.355810909
0.355810909
0.355810909
0.355810909
0.355810909
0.197934545
0.197934545
0.197934545
0.197934545
0.197934545
0.197934545
0.197934545
0.197934545
0.269740157
0.269740157
0.269740157
0.269740157
0.269740157
0.269740157
0.269740157
0.269740157
0.17812315
0.17812315
0.17812315
0.17812315
0.17812315
0.17812315
0.17812315
0.17812315
0.116792756
0.116792756
0.116792756
0.116792756
0.116792756
0.116792756
0.116792756
0.116792756
0.095213543
0.095213543
0.095213543
0.095213543
0.095213543
0.095213543
0.091137624
0.091137624
0.012864356
0.012864356
0.012864356
0.012864356
0.012864356
0.012864356
0.012864356
0.012864356
0.055443564
0.055443564
0.055443564
0.055443564
0.055443564
0.055443564
0.055443564
0.055443564
0.071025743
0.071025743
0.071025743
0.071025743
0.071025743
0.071025743
0.071025743
0.071025743
0.087332673
0.087332673
0.087332673
0.087332673
0.087332673
0.044858678
0.044858678
0.044858678
0.044858678
0.044858678
0.044858678
0.044858678
0.044858678
0.045133884
0.045133884
0.045133884
0.045133884
0.045133884
0.045133884
0.045133884
0.045133884
0.040822314
0.040822314
0.040822314
0.040822314
0.040822314
0.040822314
0.040822314
0.040822314
0.045684298
0.045684298
0.045684298
0.045684298
0.045684298
0.045684298
0.045684298
0.073304741
0.070949569
0.070949569
0.070949569
0.070949569
0.070949569
0.070949569
0.070949569
0.070949569
0.061970474
0.061970474
0.061970474
0.061970474
0.061970474
0.061970474
0.061970474
0.061970474
0.037388362
0.037388362
0.037388362
0.037388362
0.037388362
0.037388362
0.037388362
0.037388362
0.122468966
0.122468966
0.122468966
0.105195402
0.105195402
0.105195402
0.105195402
0.105195402
0.137942529
0.137942529
0.137942529
0.137942529
0.137942529
0.137942529
0.137942529
0.137942529
0.068908046
0.068908046
0.068908046
0.068908046
0.068908046
0.068908046
0.068908046
0.068908046
0.074597701
0.074597701
0.074597701
0.074597701
0.074597701
0.074597701
0.074597701
0.074597701
0.141103448
0.141103448
0.227899363
0.227899363
0.227899363
0.227899363
0.227899363
0.227899363
0.585064225
0.585064225
0.585064225
0.585064225
0.585064225
0.585064225
0.585064225
0.585064225
1.105393595
1.105393595
1.105393595
1.105393595
1.105393595
1.105393595
1.105393595
1.105393595
1.102943064
1.102943064
1.102943064
1.102943064
1.102943064
1.102943064
1.102943064
1.102943064
1.090100519
1.090100519
1.090100519
1.090100519
1.090100519
1.090100519
1.090100519
1.090100519
1.544481847
1.544481847
1.544481847
1.544481847
1.544481847
1.544481847
1.544481847
1.544481847
1.7937616
1.7937616
1.7937616
1.7937616
1.7937616
1.7937616
1.7937616
1.7937616
1.574784569
1.574784569
1.574784569
1.574784569
1.574784569
1.574784569
1.574784569
1.747149954
1.425287915
1.425287915
1.425287915
1.425287915
1.425287915
1.425287915
1.425287915
1.425287915
1.216316466
1.216316466
1.216316466
1.216316466
1.216316466
1.216316466
1.216316466
1.216316466
1.401400408
1.401400408
1.401400408
1.401400408
1.401400408
1.401400408
1.401400408
1.401400408
1.375212623
1.375212623
1.375212623
1.375212623
1.375212623
1.174361723
1.174361723
1.174361723
0.965992601
0.965992601
0.965992601
0.965992601
0.965992601
0.965992601
0.965992601
0.965992601
0.715617231
0.715617231
0.715617231
0.715617231
0.715617231
0.715617231
0.715617231
0.715617231
0.901774416
0.901774416
0.901774416
0.901774416
0.901774416
0.901774416
0.901774416
0.901774416
0.950278034
0.950278034
0.950278034
0.950278034
1.04409774
1.04409774
1.04409774
1.04409774
0.869113002
0.869113002
0.869113002
0.869113002
0.869113002
0.869113002
0.869113002
0.869113002
0.615932997
0.615932997
0.615932997
0.615932997
0.615932997
0.615932997
0.615932997
0.615932997
0.518645467
0.518645467
0.518645467
0.518645467
0.518645467
0.518645467
0.518645467
0.518645467
0.773319649
0.773319649
0.773319649
0.5347384
0.5347384
0.5347384
0.5347384
0.5347384
0.8566376
0.8566376
0.8566376
0.8566376
0.8566376
0.8566376
0.8566376
0.8566376
0.7939568
0.7939568
0.7939568
0.7939568
0.7939568
0.7939568
0.7939568
0.7939568
0.7732928
0.7732928
0.7732928
0.7732928
0.7732928
0.7732928
0.7732928
0.7732928
0.6014372
0.685832727
0.685832727
0.685832727
0.685832727
0.685832727
0.685832727
0.685832727
0.369818182
0.369818182
0.369818182
0.369818182
0.369818182
0.369818182
0.369818182
0.369818182
0.275432727
0.275432727
0.275432727
0.275432727
0.275432727
0.275432727
0.275432727
0.275432727
0.214821818
0.214821818
0.214821818
0.214821818
0.214821818
0.214821818
0.214821818
0.214821818
0.151054488
0.151054488
0.151054488
0.151054488
0.151054488
0.151054488
0.151054488
0.151054488
0.131178898
0.131178898
0.131178898
0.131178898
0.131178898
0.131178898
0.131178898
0.131178898
0.116603465
0.116603465
0.116603465
0.116603465
0.116603465
0.116603465
0.116603465
0.116603465
0.112439055
0.112439055
0.112439055
0.112439055
0.112439055
0.112439055
0.107625743
0.107625743
0.018662376
0.018662376
0.018662376
0.018662376
0.018662376
0.018662376
0.018662376
0.018662376
0.074468317
0.074468317
0.074468317
0.074468317
0.074468317
0.074468317
0.074468317
0.074468317
0.030983168
0.030983168
0.030983168
0.030983168
0.030983168
0.030983168
0.030983168
0.030983168
0.054356436
0.054356436
0.054356436
0.054356436
0.054356436
0.01788843
0.01788843
0.01788843
0.01788843
0.01788843
0.01788843
0.01788843
0.01788843
0.006604959
0.006604959
0.006604959
0.006604959
0.006604959
0.006604959
0.006604959
0.006604959
0
0
0
0
0
0
0
0
0.007247107
0.007247107
0.007247107
0.007247107
0.007247107
0.007247107
0.007247107
0.011628664
0.024140517
0.024140517
0.024140517
0.024140517
0.024140517
0.024140517
0.024140517
0.024140517
0.01280625
0.01280625
0.01280625
0.01280625
0.01280625
0.01280625
0.01280625
0.01280625
0.105393966
0.105393966
0.105393966
0.105393966
0.105393966
0.105393966
0.105393966
0.105393966
0.087288578
0.087288578
0.087288578
0.074977011
0.074977011
0.074977011
0.074977011
0.074977011
0.087114943
0.087114943
0.087114943
0.087114943
0.087114943
0.087114943
0.087114943
0.087114943
0.195471264
0.195471264
0.195471264
0.195471264
0.195471264
0.195471264
0.195471264
0.195471264
0.424827586
0.424827586
0.424827586
0.424827586
0.424827586
0.424827586
0.424827586
0.424827586
0.626367816
0.626367816
1.011660793
1.011660793
1.011660793
1.011660793
1.011660793
1.011660793
0.673079122
0.673079122
0.673079122
0.673079122
0.673079122
0.673079122
0.673079122
0.673079122
1.22689908
1.22689908
1.22689908
1.22689908
1.22689908
1.22689908
1.22689908
1.22689908
1.785007466
1.785007466
1.785007466
1.785007466
1.785007466
1.785007466
1.785007466
1.785007466
1.643204923
1.643204923
1.643204923
1.643204923
1.643204923
1.643204923
1.643204923
1.643204923
2.11528942
2.11528942
2.11528942
2.11528942
2.11528942
2.11528942
2.11528942
2.11528942
2.041127497
2.041127497
2.041127497
2.041127497
2.041127497
2.041127497
2.041127497
2.041127497
1.769200448
1.769200448
1.769200448
1.769200448
1.769200448
1.769200448
1.769200448
1.962845294
2.713089957
2.713089957
2.713089957
2.713089957
2.713089957
2.713089957
2.713089957
2.713089957
1.854732207
1.854732207
1.854732207
1.854732207
1.854732207
1.854732207
1.854732207
1.854732207
1.853847485
1.853847485
1.853847485
1.853847485
1.853847485
1.853847485
1.853847485
1.853847485
1.481025432
1.481025432
1.481025432
1.481025432
1.481025432
1.264720487
1.264720487
1.264720487
1.80611756
1.80611756
1.80611756
1.80611756
1.80611756
1.80611756
1.80611756
1.80611756
2.047729037
2.047729037
2.047729037
2.047729037
2.047729037
2.047729037
2.047729037
2.047729037
2.069185465
2.069185465
2.069185465
2.069185465
2.069185465
2.069185465
2.069185465
2.069185465
1.574176587
1.574176587
1.574176587
1.574176587
1.729592981
1.729592981
1.729592981
1.729592981
1.725940548
1.725940548
1.725940548
1.725940548
1.725940548
1.725940548
1.725940548
1.725940548
1.321848657
1.321848657
1.321848657
1.321848657
1.321848657
1.321848657
1.321848657
1.321848657
1.603418027
1.603418027
1.603418027
1.603418027
1.603418027
1.603418027
1.603418027
1.603418027
1.391244882
1.391244882
1.391244882
0.962024
0.962024
0.962024
0.962024
0.962024
0.8654772
0.8654772
0.8654772
0.8654772
0.8654772
0.8654772
0.8654772
0.8654772
0.7845432
0.7845432
0.7845432
0.7845432
0.7845432
0.7845432
0.7845432
0.7845432
0.6180832
0.6180832
0.6180832
0.6180832
0.6180832
0.6180832
0.6180832
0.6180832
0.4605776
0.525207273
0.525207273
0.525207273
0.525207273
0.525207273
0.525207273
0.525207273
0.366152727
0.366152727
0.366152727
0.366152727
0.366152727
0.366152727
0.366152727
0.366152727
0.317585455
0.317585455
0.317585455
0.317585455
0.317585455
0.317585455
0.317585455
0.317585455
0.271243636
0.271243636
0.271243636
0.271243636
0.271243636
0.271243636
0.271243636
0.271243636
0.315737953
0.315737953
0.315737953
0.315737953
0.315737953
0.315737953
0.315737953
0.315737953
0.245700157
0.245700157
0.245700157
0.245700157
0.245700157
0.245700157
0.245700157
0.245700157
0.128339528
0.128339528
0.128339528
0.128339528
0.128339528
0.128339528
0.128339528
0.128339528
0.070037795
0.070037795
0.070037795
0.070037795
0.070037795
0.070037795
0.067039604
0.067039604
0.042941584
0.042941584
0.042941584
0.042941584
0.042941584
0.042941584
0.042941584
0.042941584
0.013407921
0.013407921
0.013407921
0.013407921
0.013407921
0.013407921
0.013407921
0.013407921
0.045659406
0.045659406
0.045659406
0.045659406
0.045659406
0.045659406
0.045659406
0.045659406
0.019930693
0.019930693
0.019930693
0.019930693
0.019930693
0.028621488
0.028621488
0.028621488
0.028621488
0.028621488
0.028621488
0.028621488
0.028621488
0.032015702
0.032015702
0.032015702
0.032015702
0.032015702
0.032015702
0.032015702
0.032015702
0.008256198
0.008256198
0.008256198
0.008256198
0.008256198
0.008256198
0.008256198
0.008256198
0.036877686
0.036877686
0.036877686
0.036877686
0.036877686
0.036877686
0.036877686
0.059173707
0.061528879
0.061528879
0.061528879
0.061528879
0.061528879
0.061528879
0.061528879
0.061528879
0.04607306
0.04607306
0.04607306
0.04607306
0.04607306
0.04607306
0.04607306
0.04607306
0.067269612
0.067269612
0.067269612
0.067269612
0.067269612
0.067269612
0.067269612
0.067269612
0.1280625
0.1280625
0.1280625
0.1280625
0.11
0.11
0.11
0.11
0.093942529
0.093942529
0.093942529
0.093942529
0.093942529
0.093942529
0.093942529
0.093942529
0.144770115
0.144770115
0.144770115
0.144770115
0.144770115
0.144770115
0.144770115
0.144770115
0.262862069
0.262862069
0.262862069
0.262862069
0.262862069
0.262862069
0.262862069
0.262862069
0.273988506
0.273988506
0.273988506
0.442525018
0.442525018
0.442525018
0.442525018
0.442525018
0.619984289
0.619984289
0.619984289
0.619984289
0.619984289
0.619984289
0.619984289
0.619984289
1.002267091
1.002267091
1.002267091
1.002267091
1.002267091
1.002267091
1.002267091
1.002267091
1.500745895
1.500745895
1.500745895
1.500745895
1.500745895
1.500745895
1.500745895
1.500745895
1.812167516
1.415296563
1.415296563
1.415296563
1.415296563
1.415296563
1.415296563
1.415296563
1.742725439
1.742725439
1.742725439
1.742725439
1.742725439
1.742725439
1.742725439
1.742725439
1.910347333
1.910347333
1.910347333
1.910347333
1.910347333
1.910347333
1.910347333
1.910347333
1.90651962
1.90651962
1.90651962
1.90651962
1.90651962
1.90651962
1.90651962
1.90651962
2.381319027
2.381319027
2.381319027
2.381319027
2.381319027
2.381319027
2.381319027
2.381319027
2.24170982
2.24170982
2.24170982
2.24170982
2.24170982
2.24170982
2.24170982
2.24170982
2.397244032
2.397244032
2.397244032
2.397244032
2.397244032
2.397244032
2.397244032
2.397244032
2.320980954
2.320980954
2.320980954
2.320980954
2.320980954
2.320980954
1.981999836
1.981999836
1.764111312
1.764111312
1.764111312
1.764111312
1.764111312
1.764111312
1.764111312
1.764111312
1.696266689
1.696266689
1.696266689
1.696266689
1.696266689
1.696266689
1.696266689
1.696266689
1.622529102
1.622529102
1.622529102
1.622529102
1.622529102
1.622529102
1.622529102
1.622529102
1.25097024
1.25097024
1.25097024
1.25097024
1.25097024
1.374476894
1.374476894
1.374476894
1.076969636
1.076969636
1.076969636
1.076969636
1.076969636
1.076969636
1.076969636
1.076969636
0.994955916
0.994955916
0.994955916
0.994955916
0.994955916
0.994955916
0.994955916
0.994955916
1.099050253
1.099050253
1.099050253
1.099050253
1.099050253
1.099050253
1.099050253
1.099050253
1.015542356
1.015542356
1.015542356
1.015542356
0.7022316
0.7022316
0.7022316
0.7022316
0.6226752
0.6226752
0.6226752
0.6226752
0.6226752
0.6226752
0.6226752
0.6226752
0.6866188
0.6866188
0.6866188
0.6866188
0.6866188
0.6866188
0.6866188
0.6866188
0.5942048
0.5942048
0.5942048
0.5942048
0.5942048
0.5942048
0.5942048
0.5942048
0.4387656
0.4387656
0.500334545
0.500334545
0.500334545
0.500334545
0.500334545
0.500334545
0.369032727
0.369032727
0.369032727
0.369032727
0.369032727
0.369032727
0.369032727
0.369032727
0.258152727
0.258152727
0.258152727
0.258152727
0.258152727
0.258152727
0.258152727
0.258152727
0.200029091
0.200029091
0.200029091
0.200029091
0.200029091
0.200029091
0.200029091
0.200029091
0.144
0.208220472
0.208220472
0.208220472
0.208220472
0.208220472
0.208220472
0.208220472
0.095781417
0.095781417
0.095781417
0.095781417
0.095781417
0.095781417
0.095781417
0.095781417
0.088020472
0.088020472
0.088020472
0.088020472
0.088020472
0.088020472
0.088020472
0.088020472
0.07212
0.07212
0.07212
0.07212
0.07212
0.07212
0.07212
0.069032673
0.05779901
0.05779901
0.05779901
0.05779901
0.05779901
0.05779901
0.05779901
0.05779901
0.038774257
0.038774257
0.038774257
0.038774257
0.038774257
0.038774257
0.038774257
0.038774257
0.049645545
0.049645545
0.049645545
0.049645545
0.049645545
0.049645545
0.049645545
0.049645545
0.08479604
0.08479604
0.08479604
0.08479604
0.08479604
0.08479604
0.02981405
0.02981405
0.02981405
0.02981405
0.02981405
0.02981405
0.02981405
0.02981405
0.026144628
0.026144628
0.026144628
0.026144628
0.026144628
0.026144628
0.026144628
0.026144628
0.031098347
0.031098347
0.031098347
0.031098347
0.031098347
0.031098347
0.031098347
0.031098347
0.001559504
0.001559504
0.001559504
0.001559504
0.001559504
0.001559504
0.001559504
0.002502371
0.071096767
0.071096767
0.071096767
0.071096767
0.071096767
0.071096767
0.071096767
0.071096767
0.090674138
0.090674138
0.090674138
0.090674138
0.090674138
0.090674138
0.090674138
0.090674138
0.109809914
0.109809914
0.109809914
0.109809914
0.109809914
0.109809914
0.109809914
0.109809914
0.117758621
0.117758621
0.117758621
0.101149425
0.101149425
0.101149425
0.101149425
0.101149425
0.083701149
0.083701149
0.083701149
0.083701149
0.083701149
0.083701149
0.083701149
0.083701149
0.110252874
0.110252874
0.110252874
0.110252874
0.110252874
0.110252874
0.110252874
0.110252874
0.144517241
0.144517241
0.144517241
0.144517241
0.144517241
0.144517241
0.144517241
0.144517241
0.228850575
0.228850575
0.369621727
0.369621727
0.369621727
0.369621727
0.369621727
0.369621727
0.475402972
0.475402972
0.475402972
0.475402972
0.475402972
0.475402972
0.475402972
0.475402972
0.703710757
0.703710757
0.703710757
0.703710757
0.703710757
0.703710757
0.703710757
0.703710757
1.168290552
1.168290552
1.168290552
1.168290552
1.168290552
1.168290552
1.168290552
1.168290552
1.012589348
1.012589348
1.012589348
1.012589348
1.012589348
1.012589348
1.012589348
1.012589348
1.187388203
1.187388203
1.187388203
1.187388203
1.187388203
1.187388203
1.187388203
1.187388203
1.911782725
1.911782725
1.911782725
1.911782725
1.911782725
1.911782725
1.911782725
1.911782725
2.114651468
2.114651468
2.114651468
2.114651468
2.114651468
2.114651468
2.114651468
2.346107073
2.242594542
2.242594542
2.242594542
2.242594542
2.242594542
2.242594542
2.242594542
2.242594542
1.911354446
1.911354446
1.911354446
1.911354446
1.911354446
1.911354446
1.911354446
1.911354446
1.814034973
1.814034973
1.814034973
1.814034973
1.814034973
1.814034973
1.814034973
1.814034973
1.627535474
1.627535474
1.627535474
1.627535474
1.627535474
1.389832621
1.389832621
1.389832621
1.236464485
1.236464485
1.236464485
1.236464485
1.236464485
1.236464485
1.236464485
1.236464485
1.094882276
1.094882276
1.094882276
1.094882276
1.094882276
1.094882276
1.094882276
1.094882276
0.965690398
0.965690398
0.965690398
0.965690398
0.965690398
0.965690398
0.965690398
0.965690398
1.168922065
1.168922065
1.168922065
1.168922065
1.284328211
1.284328211
1.284328211
1.284328211
1.468278011
1.468278011
1.468278011
1.468278011
1.468278011
1.468278011
1.468278011
1.468278011
1.394731295
1.394731295
1.394731295
1.394731295
1.394731295
1.394731295
1.394731295
1.394731295
1.245977666
1.245977666
1.245977666
1.245977666
1.245977666
1.245977666
1.245977666
1.245977666
1.244981547
1.244981547
1.244981547
0.8608852
0.8608852
0.8608852
0.8608852
0.8608852
0.6056848
0.6056848
0.6056848
0.6056848
0.6056848
0.6056848
0.6056848
0.6056848
0.4468016
0.4468016
0.4468016
0.4468016
0.4468016
0.4468016
0.4468016
0.4468016
0.6043072
0.6043072
0.6043072
0.6043072
0.6043072
0.6043072
0.6043072
0.6043072
0.396634
0.452290909
0.452290909
0.452290909
0.452290909
0.452290909
0.452290909
0.452290909
0.283549091
0.283549091
0.283549091
0.283549091
0.283549091
0.283549091
0.283549091
0.283549091
0.283156364
0.283156364
0.283156364
0.283156364
0.283156364
0.283156364
0.283156364
0.283156364
0.208014545
0.208014545
0.208014545
0.208014545
0.208014545
0.208014545
0.208014545
0.208014545
0.331827717
0.331827717
0.331827717
0.331827717
0.331827717
0.331827717
0.331827717
0.331827717
0.238696378
0.238696378
0.238696378
0.238696378
0.238696378
0.238696378
0.238696378
0.238696378
0.172255118
0.172255118
0.172255118
0.172255118
0.172255118
0.172255118
0.172255118
0.172255118
0.117739213
0.117739213
0.117739213
0.117739213
0.117739213
0.117739213
0.11269901
0.11269901
0.033882178
0.033882178
0.033882178
0.033882178
0.033882178
0.033882178
0.033882178
0.033882178
0.089325743
0.089325743
0.089325743
0.089325743
0.089325743
0.089325743
0.089325743
0.089325743
0.059067327
0.059067327
0.059067327
0.059067327
0.059067327
0.059067327
0.059067327
0.059067327
0
0
0
0
0
0
0
0
0
0
0
0
0
0.020273554
0.020273554
0.020273554
0.020273554
0.020273554
0.020273554
0.020273554
0.020273554
0.049170248
0.049170248
0.049170248
0.049170248
0.049170248
0.049170248
0.049170248
0.049170248
0.012017355
0.012017355
0.012017355
0.012017355
0.012017355
0.012017355
0.012017355
0.019282974
0.007801509
0.007801509
0.007801509
0.007801509
0.007801509
0.007801509
0.007801509
0.007801509
0.016339009
0.016339009
0.016339009
0.016339009
0.016339009
0.016339009
0.016339009
0.016339009
0.050194612
0.050194612
0.050194612
0.050194612
0.050194612
0.050194612
0.050194612
0.050194612
0.083461422
0.083461422
0.083461422
0.071689655
0.071689655
0.071689655
0.071689655
0.071689655
0.098241379
0.098241379
0.098241379
0.098241379
0.098241379
0.098241379
0.098241379
0.098241379
0.119229885
0.119229885
0.119229885
0.119229885
0.119229885
0.119229885
0.119229885
0.119229885
0.251862069
0.251862069
0.251862069
0.251862069
0.251862069
0.251862069
0.251862069
0.251862069
0.462505747
0.462505747
0.747003468
0.747003468
0.747003468
0.747003468
0.747003468
0.747003468
1.102330432
1.102330432
1.102330432
1.102330432
1.102330432
1.102330432
1.102330432
1.102330432
1.173600035
1.173600035
1.173600035
1.173600035
1.173600035
1.173600035
1.173600035
1.173600035
2.236313553
2.236313553
2.236313553
2.236313553
2.236313553
2.236313553
2.236313553
2.236313553
1.843521858
1.843521858
1.843521858
1.843521858
1.843521858
1.843521858
1.843521858
1.843521858
1.506364214
1.506364214
1.506364214
1.506364214
1.506364214
1.506364214
1.506364214
1.506364214
2.341124436
2.341124436
2.341124436
2.341124436
2.341124436
2.341124436
2.341124436
2.341124436
2.216723792
2.216723792
2.216723792
2.216723792
2.216723792
2.216723792
2.216723792
2.45935155
2.06777338
2.06777338
2.06777338
2.06777338
2.06777338
2.06777338
2.06777338
2.06777338
1.909761945
1.909761945
1.909761945
1.909761945
1.909761945
1.909761945
1.909761945
1.909761945
1.819166363
1.819166363
1.819166363
1.819166363
1.819166363
1.819166363
1.819166363
1.819166363
1.647530202
1.647530202
1.647530202
1.647530202
1.647530202
1.406907103
1.406907103
1.406907103
1.378197797
1.378197797
1.378197797
1.378197797
1.378197797
1.378197797
1.378197797
1.378197797
1.869731338
1.869731338
1.869731338
1.869731338
1.869731338
1.869731338
1.869731338
1.869731338
1.823343144
1.823343144
1.823343144
1.823343144
1.823343144
1.823343144
1.823343144
1.823343144
1.587926833
1.587926833
1.587926833
1.587926833
1.744700771
1.744700771
1.744700771
1.744700771
1.549959692
1.549959692
1.549959692
1.549959692
1.549959692
1.549959692
1.549959692
1.549959692
1.186874661
1.186874661
1.186874661
1.186874661
1.186874661
1.186874661
1.186874661
1.186874661
0.910119862
0.910119862
0.910119862
0.910119862
0.910119862
0.910119862
0.910119862
0.910119862
0.857657644
0.857657644
0.857657644
0.5930568
0.5930568
0.5930568
0.5930568
0.5930568
0.5947788
0.5947788
0.5947788
0.5947788
0.5947788
0.5947788
0.5947788
0.5947788
0.738738
0.738738
0.738738
0.738738
0.738738
0.738738
0.738738
0.738738
0.7257656
0.7257656
0.7257656
0.7257656
0.7257656
0.7257656
0.7257656
0.7257656
0.6877668
0.784276364
0.784276364
0.784276364
0.784276364
0.784276364
0.784276364
0.784276364
0.668029091
0.668029091
0.668029091
0.668029091
0.668029091
0.668029091
0.668029091
0.668029091
0.445483636
0.445483636
0.445483636
0.445483636
0.445483636
0.445483636
0.445483636
0.445483636
0.387490909
0.387490909
0.387490909
0.387490909
0.387490909
0.387490909
0.387490909
0.387490909
0.379529134
0.379529134
0.379529134
0.379529134
0.379529134
0.379529134
0.379529134
0.379529134
0.250053858
0.250053858
0.250053858
0.250053858
0.250053858
0.250053858
0.250053858
0.250053858
0.221470866
0.221470866
0.221470866
0.221470866
0.221470866
0.221470866
0.221470866
0.221470866
0.117739213
0.117739213
0.117739213
0.117739213
0.117739213
0.117739213
0.11269901
0.11269901
0.092587129
0.092587129
0.092587129
0.092587129
0.092587129
0.092587129
0.092587129
0.092587129
0.072656436
0.072656436
0.072656436
0.072656436
0.072656436
0.072656436
0.072656436
0.072656436
0.062147525
0.062147525
0.062147525
0.062147525
0.062147525
0.062147525
0.062147525
0.062147525
0.066858416
0.066858416
0.066858416
0.066858416
0.066858416
0.034767769
0.034767769
0.034767769
0.034767769
0.034767769
0.034767769
0.034767769
0.034767769
0.001467769
0.001467769
0.001467769
0.001467769
0.001467769
0.001467769
0.001467769
0.001467769
0.028896694
0.028896694
0.028896694
0.028896694
0.028896694
0.028896694
0.028896694
0.028896694
0.052380992
0.052380992
0.052380992
0.052380992
0.052380992
0.052380992
0.052380992
0.084050216
0
0
0
0
0
0
0
0
0.104216379
0.104216379
0.104216379
0.104216379
0.104216379
0.104216379
0.104216379
0.104216379
0.156618966
0.156618966
0.156618966
0.156618966
0.156618966
0.156618966
0.156618966
0.156618966
0.166039655
0.166039655
0.166039655
0.14262069
0.14262069
0.14262069
0.14262069
0.14262069
0.163482759
0.163482759
0.163482759
0.163482759
0.163482759
0.163482759
0.163482759
0.163482759
0.246425287
0.246425287
0.246425287
0.246425287
0.246425287
0.246425287
0.246425287
0.246425287
0.256666667
0.256666667
0.256666667
0.256666667
0.256666667
0.256666667
0.256666667
0.256666667
0.376528736
0.376528736
0.608140057
0.608140057
0.608140057
0.608140057
0.608140057
0.608140057
0.830117304
0.830117304
0.830117304
0.830117304
0.830117304
0.830117304
0.830117304
0.830117304
0.923441684
0.923441684
0.923441684
0.923441684
0.923441684
0.923441684
0.923441684
0.923441684
0.895056369
0.895056369
0.895056369
0.895056369
0.895056369
0.895056369
0.895056369
0.895056369
0.922000161
0.922000161
0.922000161
0.922000161
0.922000161
0.922000161
0.922000161
0.922000161
1.382282546
1.382282546
1.382282546
1.382282546
1.382282546
1.382282546
1.382282546
1.382282546
1.772390208
1.772390208
1.772390208
1.772390208
1.772390208
1.772390208
1.772390208
1.772390208
1.892484676
1.892484676
1.892484676
1.892484676
1.892484676
1.892484676
1.892484676
2.09962339
1.692474104
1.692474104
1.692474104
1.692474104
1.692474104
1.692474104
1.692474104
1.692474104
1.4482907
1.4482907
1.4482907
1.4482907
1.4482907
1.4482907
1.4482907
1.4482907
1.113865602
1.113865602
1.113865602
1.113865602
1.113865602
1.113865602
1.113865602
1.113865602
0.87410581
0.87410581
0.87410581
0.87410581
0.87410581
0.74644196
0.74644196
0.74644196
0.583101118
0.583101118
0.583101118
0.583101118
0.583101118
0.583101118
0.583101118
0.583101118
0.499541927
0.499541927
0.499541927
0.499541927
0.499541927
0.499541927
0.499541927
0.499541927
0.440158994
0.440158994
0.440158994
0.440158994
0.440158994
0.440158994
0.440158994
0.440158994
0.353426669
0.353426669
0.353426669
0.353426669
0.388320021
0.388320021
0.388320021
0.388320021
0.487267748
0.487267748
0.487267748
0.487267748
0.487267748
0.487267748
0.487267748
0.487267748
0.498723106
0.498723106
0.498723106
0.498723106
0.498723106
0.498723106
0.498723106
0.498723106
0.487101728
0.487101728
0.487101728
0.487101728
0.487101728
0.487101728
0.487101728
0.487101728
0.662086466
0.662086466
0.662086466
0.4578224
0.4578224
0.4578224
0.4578224
0.4578224
0.5689488
0.5689488
0.5689488
0.5689488
0.5689488
0.5689488
0.5689488
0.5689488
0.3519768
0.3519768
0.3519768
0.3519768
0.3519768
0.3519768
0.3519768
0.3519768
0.397782
0.397782
0.397782
0.397782
0.397782
0.397782
0.397782
0.397782
0.3546172
0.404378182
0.404378182
0.404378182
0.404378182
0.404378182
0.404378182
0.404378182
0.386967273
0.386967273
0.386967273
0.386967273
0.386967273
0.386967273
0.386967273
0.386967273
0.449803636
0.449803636
0.449803636
0.449803636
0.449803636
0.449803636
0.449803636
0.449803636
0.353323636
0.353323636
0.353323636
0.353323636
0.353323636
0.353323636
0.353323636
0.353323636
0.37896126
0.37896126
0.37896126
0.37896126
0.37896126
0.37896126
0.37896126
0.37896126
0.358328504
0.358328504
0.358328504
0.358328504
0.358328504
0.358328504
0.358328504
0.358328504
0.269740157
0.269740157
0.269740157
0.269740157
0.269740157
0.269740157
0.269740157
0.269740157
0.207274016
0.207274016
0.207274016
0.207274016
0.207274016
0.207274016
0.19840099
0.19840099
0.071206931
0.071206931
0.071206931
0.071206931
0.071206931
0.071206931
0.071206931
0.071206931
0.097660396
0.097660396
0.097660396
0.097660396
0.097660396
0.097660396
0.097660396
0.097660396
0.067764356
0.067764356
0.067764356
0.067764356
0.067764356
0.067764356
0.067764356
0.067764356
0.173578218
0.173578218
0.173578218
0.173578218
0.173578218
0.065132231
0.065132231
0.065132231
0.065132231
0.065132231
0.065132231
0.065132231
0.065132231
0.055408264
0.055408264
0.055408264
0.055408264
0.055408264
0.055408264
0.055408264
0.055408264
0.085589256
0.085589256
0.085589256
0.085589256
0.085589256
0.085589256
0.085589256
0.085589256
0.09824876
0.09824876
0.09824876
0.09824876
0.09824876
0.09824876
0.09824876
0.157649353
0.123646552
0.123646552
0.123646552
0.123646552
0.123646552
0.123646552
0.123646552
0.123646552
0.07256875
0.07256875
0.07256875
0.07256875
0.07256875
0.07256875
0.07256875
0.07256875
0.211965517
0.211965517
0.211965517
0.211965517
0.211965517
0.211965517
0.211965517
0.211965517
0.361224569
0.361224569
0.361224569
0.361224569
0.310275862
0.310275862
0.310275862
0.310275862
0.313942529
0.313942529
0.313942529
0.313942529
0.313942529
0.313942529
0.313942529
0.313942529
0.391954023
0.391954023
0.391954023
0.391954023
0.391954023
0.391954023
0.391954023
0.391954023
0.570482759
0.570482759
0.570482759
0.570482759
0.570482759
0.570482759
0.570482759
0.570482759
0.841942529
0.841942529
0.841942529
1.359840375
1.359840375
1.359840375
1.359840375
1.359840375
1.624293489
1.624293489
1.624293489
1.624293489
1.624293489
1.624293489
1.624293489
1.624293489
2.548552017
2.548552017
2.548552017
2.548552017
2.548552017
2.548552017
2.548552017
2.548552017
2.847720984
2.847720984
2.847720984
2.847720984
2.847720984
2.847720984
2.847720984
2.847720984
2.645143772
2.065848138
2.065848138
2.065848138
2.065848138
2.065848138
2.065848138
2.065848138
1.630286395
1.630286395
1.630286395
1.630286395
1.630286395
1.630286395
1.630286395
1.630286395
1.962659398
1.962659398
1.962659398
1.962659398
1.962659398
1.962659398
1.962659398
1.962659398
1.744320319
1.744320319
1.744320319
1.744320319
1.744320319
1.744320319
1.744320319
1.744320319
1.622581028
1.622581028
1.622581028
1.622581028
1.622581028
1.622581028
1.622581028
1.622581028
1.793686356
1.793686356
1.793686356
1.793686356
1.793686356
1.793686356
1.793686356
1.793686356
1.91347778
1.91347778
1.91347778
1.91347778
1.91347778
1.91347778
1.91347778
1.91347778
1.697782439
1.697782439
1.697782439
1.697782439
1.697782439
1.697782439
1.449819961
1.449819961
1.109992437
1.109992437
1.109992437
1.109992437
1.109992437
1.109992437
1.109992437
1.109992437
0.913560342
0.913560342
0.913560342
0.913560342
0.913560342
0.913560342
0.913560342
0.913560342
0.621934232
0.621934232
0.621934232
0.621934232
0.621934232
0.621934232
0.621934232
0.621934232
0.482618547
0.482618547
0.482618547
0.482618547
0.482618547
0.530266844
0.530266844
0.530266844
0.55766009
0.55766009
0.55766009
0.55766009
0.55766009
0.55766009
0.55766009
0.55766009
0.583061101
0.583061101
0.583061101
0.583061101
0.583061101
0.583061101
0.583061101
0.583061101
0.63967381
0.63967381
0.63967381
0.63967381
0.63967381
0.63967381
0.63967381
0.63967381
0.694128264
0.694128264
0.694128264
0.694128264
0.4799788
0.4799788
0.4799788
0.4799788
0.5198144
0.5198144
0.5198144
0.5198144
0.5198144
0.5198144
0.5198144
0.5198144
0.3737888
0.3737888
0.3737888
0.3737888
0.3737888
0.3737888
0.3737888
0.3737888
0.3791844
0.3791844
0.3791844
0.3791844
0.3791844
0.3791844
0.3791844
0.3791844
0.3217844
0.3217844
0.366938182
0.366938182
0.366938182
0.366938182
0.366938182
0.366938182
0.384741818
0.384741818
0.384741818
0.384741818
0.384741818
0.384741818
0.384741818
0.384741818
0.431738182
0.431738182
0.431738182
0.431738182
0.431738182
0.431738182
0.431738182
0.431738182
0.270327273
0.270327273
0.270327273
0.270327273
0.270327273
0.270327273
0.270327273
0.270327273
0.209847273
0.303434016
0.303434016
0.303434016
0.303434016
0.303434016
0.303434016
0.303434016
0.233585512
0.233585512
0.233585512
0.233585512
0.233585512
0.233585512
0.233585512
0.233585512
0.227338898
0.227338898
0.227338898
0.227338898
0.227338898
0.227338898
0.227338898
0.227338898
0.171497953
0.171497953
0.171497953
0.171497953
0.171497953
0.171497953
0.171497953
0.164156436
0.15310396
0.15310396
0.15310396
0.15310396
0.15310396
0.15310396
0.15310396
0.15310396
0.092587129
0.092587129
0.092587129
0.092587129
0.092587129
0.092587129
0.092587129
0.092587129
0.095123762
0.095123762
0.095123762
0.095123762
0.095123762
0.095123762
0.095123762
0.095123762
0
0
0
0
0
0
0.024768595
0.024768595
0.024768595
0.024768595
0.024768595
0.024768595
0.024768595
0.024768595
0.016787603
0.016787603
0.016787603
0.016787603
0.016787603
0.016787603
0.016787603
0.016787603
0.038712397
0.038712397
0.038712397
0.038712397
0.038712397
0.038712397
0.038712397
0.038712397
0.042840496
0.042840496
0.042840496
0.042840496
0.042840496
0.042840496
0.042840496
0.068741595
0.094059698
0.094059698
0.094059698
0.094059698
0.094059698
0.094059698
0.094059698
0.094059698
0.0597625
0.0597625
0.0597625
0.0597625
0.0597625
0.0597625
0.0597625
0.0597625
0.056965733
0.056965733
0.056965733
0.056965733
0.056965733
0.056965733
0.056965733
0.056965733
0.091998922
0.091998922
0.091998922
0.079022989
0.079022989
0.079022989
0.079022989
0.079022989
0.155517241
0.155517241
0.155517241
0.155517241
0.155517241
0.155517241
0.155517241
0.155517241
0.226701149
0.226701149
0.226701149
0.226701149
0.226701149
0.226701149
0.226701149
0.226701149
0.224804598
0.224804598
0.224804598
0.224804598
0.224804598
0.224804598
0.224804598
0.224804598
0.218482759
0.218482759
0.352876433
0.352876433
0.352876433
0.352876433
0.352876433
0.352876433
0.562396815
0.562396815
0.562396815
0.562396815
0.562396815
0.562396815
0.562396815
0.562396815
0.784782484
0.784782484
0.784782484
0.784782484
0.784782484
0.784782484
0.784782484
0.784782484
1.124793631
1.124793631
1.124793631
1.124793631
1.124793631
1.124793631
1.124793631
1.124793631
1.245601325
1.245601325
1.245601325
1.245601325
1.245601325
1.245601325
1.245601325
1.245601325
1.327259184
1.327259184
1.327259184
1.327259184
1.327259184
1.327259184
1.327259184
1.327259184
1.38355845
1.38355845
1.38355845
1.38355845
1.38355845
1.38355845
1.38355845
1.38355845
1.432999731
1.432999731
1.432999731
1.432999731
1.432999731
1.432999731
1.432999731
1.589846297
2.376541526
2.376541526
2.376541526
2.376541526
2.376541526
2.376541526
2.376541526
2.376541526
2.088829775
2.088829775
2.088829775
2.088829775
2.088829775
2.088829775
2.088829775
2.088829775
2.300632337
2.300632337
2.300632337
2.300632337
2.300632337
2.300632337
2.300632337
2.300632337
2.387158196
2.387158196
2.387158196
2.387158196
2.387158196
2.038511838
2.038511838
2.038511838
1.557404308
1.557404308
1.557404308
1.557404308
1.557404308
1.557404308
1.557404308
1.557404308
1.0877805
1.0877805
1.0877805
1.0877805
1.0877805
1.0877805
1.0877805
1.0877805
1.365958566
1.365958566
1.365958566
1.365958566
1.365958566
1.365958566
1.365958566
1.365958566
1.682969747
1.682969747
1.682969747
1.682969747
1.849127147
1.849127147
1.849127147
1.849127147
1.742874555
1.742874555
1.742874555
1.742874555
1.742874555
1.742874555
1.742874555
1.742874555
1.773588195
1.773588195
1.773588195
1.773588195
1.773588195
1.773588195
1.773588195
1.773588195
1.468444031
1.468444031
1.468444031
1.468444031
1.468444031
1.468444031
1.468444031
1.468444031
1.270382558
1.270382558
1.270382558
0.8784496
0.8784496
0.8784496
0.8784496
0.8784496
0.75194
0.75194
0.75194
0.75194
0.75194
0.75194
0.75194
0.75194
0.5683748
0.5683748
0.5683748
0.5683748
0.5683748
0.5683748
0.5683748
0.5683748
0.4994948
0.4994948
0.4994948
0.4994948
0.4994948
0.4994948
0.4994948
0.4994948
0.4508196
0.51408
0.51408
0.51408
0.51408
0.51408
0.51408
0.51408
0.510152727
0.510152727
0.510152727
0.510152727
0.510152727
0.510152727
0.510152727
0.510152727
0.379112727
0.379112727
0.379112727
0.379112727
0.379112727
0.379112727
0.379112727
0.379112727
0.270589091
0.270589091
0.270589091
0.270589091
0.270589091
0.270589091
0.270589091
0.270589091
0.273336693
0.273336693
0.273336693
0.273336693
0.273336693
0.273336693
0.273336693
0.273336693
0.222606614
0.222606614
0.222606614
0.222606614
0.222606614
0.222606614
0.222606614
0.222606614
0.125121575
0.125121575
0.125121575
0.125121575
0.125121575
0.125121575
0.125121575
0.125121575
0.092563465
0.092563465
0.092563465
0.092563465
0.092563465
0.092563465
0.08860099
0.08860099
0.013589109
0.013589109
0.013589109
0.013589109
0.013589109
0.013589109
0.013589109
0.013589109
0.052544554
0.052544554
0.052544554
0.052544554
0.052544554
0.052544554
0.052544554
0.052544554
0.072475248
0.072475248
0.072475248
0.072475248
0.072475248
0.072475248
0.072475248
0.072475248
0.052363366
0.052363366
0.052363366
0.052363366
0.052363366
0.018071901
0.018071901
0.018071901
0.018071901
0.018071901
0.018071901
0.018071901
0.018071901
0.039446281
0.039446281
0.039446281
0.039446281
0.039446281
0.039446281
0.039446281
0.039446281
0.037978512
0.037978512
0.037978512
0.037978512
0.037978512
0.037978512
0.037978512
0.037978512
0.043482645
0.043482645
0.043482645
0.043482645
0.043482645
0.043482645
0.043482645
0.069771983
0
0
0
0
0
0
0
0
0.06314806
0.06314806
0.06314806
0.06314806
0.06314806
0.06314806
0.06314806
0.06314806
0.107896336
0.107896336
0.107896336
0.107896336
0.107896336
0.107896336
0.107896336
0.107896336
0.034885991
0.034885991
0.034885991
0.029965517
0.029965517
0.029965517
0.029965517
0.029965517
0.127195402
0.127195402
0.127195402
0.127195402
0.127195402
0.127195402
0.127195402
0.127195402
0.152229885
0.152229885
0.152229885
0.152229885
0.152229885
0.152229885
0.152229885
0.152229885
0.171068966
0.171068966
0.171068966
0.171068966
0.171068966
0.171068966
0.171068966
0.171068966
0.283597701
0.283597701
0.458045046
0.458045046
0.458045046
0.458045046
0.458045046
0.458045046
0.728216065
0.728216065
0.728216065
0.728216065
0.728216065
0.728216065
0.728216065
0.728216065
0.877902654
0.877902654
0.877902654
0.877902654
0.877902654
0.877902654
0.877902654
0.877902654
1.386387792
1.386387792
1.386387792
1.386387792
1.386387792
1.386387792
1.386387792
1.386387792
1.389300018
1.389300018
1.389300018
1.389300018
1.389300018
1.389300018
1.389300018
1.389300018
1.370001969
1.370001969
1.370001969
1.370001969
1.370001969
1.370001969
1.370001969
1.370001969
1.349268528
1.349268528
1.349268528
1.349268528
1.349268528
1.349268528
1.349268528
1.349268528
1.181487146
1.181487146
1.181487146
1.181487146
1.181487146
1.181487146
1.181487146
1.310804826
1.600286022
1.600286022
1.600286022
1.600286022
1.600286022
1.600286022
1.600286022
1.600286022
2.018051977
2.018051977
2.018051977
2.018051977
2.018051977
2.018051977
2.018051977
2.018051977
2.157838129
2.157838129
2.157838129
2.157838129
2.157838129
2.157838129
2.157838129
2.157838129
2.391227919
2.391227919
2.391227919
2.391227919
2.391227919
2.041987175
2.041987175
2.041987175
1.724069385
1.724069385
1.724069385
1.724069385
1.724069385
1.724069385
1.724069385
1.724069385
1.422319467
1.422319467
1.422319467
1.422319467
1.422319467
1.422319467
1.422319467
1.422319467
1.376384577
1.376384577
1.376384577
1.376384577
1.376384577
1.376384577
1.376384577
1.376384577
1.189471884
1.189471884
1.189471884
1.189471884
1.306906886
1.306906886
1.306906886
1.306906886
1.221406754
1.221406754
1.221406754
1.221406754
1.221406754
1.221406754
1.221406754
1.221406754
0.898830524
0.898830524
0.898830524
0.898830524
0.898830524
0.898830524
0.898830524
0.898830524
0.728162297
0.728162297
0.728162297
0.728162297
0.728162297
0.728162297
0.728162297
0.728162297
0.60896017
0.60896017
0.60896017
0.4210864
0.4210864
0.4210864
0.4210864
0.4210864
0.3675896
0.3675896
0.3675896
0.3675896
0.3675896
0.3675896
0.3675896
0.3675896
0.3582908
0.3582908
0.3582908
0.3582908
0.3582908
0.3582908
0.3582908
0.3582908
0.3445148
0.3445148
0.3445148
0.3445148
0.3445148
0.3445148
0.3445148
0.3445148
0.3029572
0.345469091
0.345469091
0.345469091
0.345469091
0.345469091
0.345469091
0.345469091
0.321381818
0.321381818
0.321381818
0.321381818
0.321381818
0.321381818
0.321381818
0.321381818
0.324392727
0.324392727
0.324392727
0.324392727
0.324392727
0.324392727
0.324392727
0.324392727
0.277658182
0.277658182
0.277658182
0.277658182
0.277658182
0.277658182
0.277658182
0.277658182
0.188155591
0.188155591
0.188155591
0.188155591
0.188155591
0.188155591
0.188155591
0.188155591
0.091617008
0.091617008
0.091617008
0.091617008
0.091617008
0.091617008
0.091617008
0.091617008
0.086884724
0.086884724
0.086884724
0.086884724
0.086884724
0.086884724
0.086884724
0.086884724
0.091806299
0.091806299
0.091806299
0.091806299
0.091806299
0.091806299
0.087876238
0.087876238
0.069576238
0.069576238
0.069576238
0.069576238
0.069576238
0.069576238
0.069576238
0.069576238
0.048377228
0.048377228
0.048377228
0.048377228
0.048377228
0.048377228
0.048377228
0.048377228
0.058161386
0.058161386
0.058161386
0.058161386
0.058161386
0.058161386
0.058161386
0.058161386
0.020293069
0.020293069
0.020293069
0.020293069
0.020293069
0.007247107
0.007247107
0.007247107
0.007247107
0.007247107
0.007247107
0.007247107
0.007247107
0.007705785
0.007705785
0.007705785
0.007705785
0.007705785
0.007705785
0.007705785
0.007705785
0.033024793
0.033024793
0.033024793
0.033024793
0.033024793
0.033024793
0.033024793
0.033024793
0.054949587
0.054949587
0.054949587
0.054949587
0.054949587
0.054949587
0.054949587
0.088171767
0.083755819
0.083755819
0.083755819
0.083755819
0.083755819
0.083755819
0.083755819
0.083755819
0.062117672
0.062117672
0.062117672
0.062117672
0.062117672
0.062117672
0.062117672
0.062117672
0.04180431
0.04180431
0.04180431
0.04180431
0.04180431
0.04180431
0.04180431
0.04180431
0.024876509
0.024876509
0.024876509
0.021367816
0.021367816
0.021367816
0.021367816
0.021367816
0.083321839
0.083321839
0.083321839
0.083321839
0.083321839
0.083321839
0.083321839
0.083321839
0.142367816
0.142367816
0.142367816
0.142367816
0.142367816
0.142367816
0.142367816
0.142367816
0.355287356
0.355287356
0.355287356
0.355287356
0.355287356
0.355287356
0.355287356
0.355287356
0.55391954
0.55391954
0.894647948
0.894647948
0.894647948
0.894647948
0.894647948
0.894647948
1.271008634
1.271008634
1.271008634
1.271008634
1.271008634
1.271008634
1.271008634
1.271008634
2.09928804
2.09928804
2.09928804
2.09928804
2.09928804
2.09928804
2.09928804
2.09928804
2.064572187
2.064572187
2.064572187
2.064572187
2.064572187
2.064572187
2.064572187
2.064572187
2.269195346
2.269195346
2.269195346
2.269195346
2.269195346
2.269195346
2.269195346
2.269195346
1.860268099
1.860268099
1.860268099
1.860268099
1.860268099
1.860268099
1.860268099
1.860268099
1.806839617
1.806839617
1.806839617
1.806839617
1.806839617
1.806839617
1.806839617
1.806839617
2.176373326
2.176373326
2.176373326
2.176373326
2.176373326
2.176373326
2.176373326
2.414584593
2.372648747
2.372648747
2.372648747
2.372648747
2.372648747
2.372648747
2.372648747
2.372648747
1.689289103
1.689289103
1.689289103
1.689289103
1.689289103
1.689289103
1.689289103
1.689289103
1.946035567
1.946035567
1.946035567
1.946035567
1.946035567
1.946035567
1.946035567
1.946035567
2.111124782
2.111124782
2.111124782
2.111124782
2.111124782
1.802793325
1.802793325
1.802793325
1.747792338
1.747792338
1.747792338
1.747792338
1.747792338
1.747792338
1.747792338
1.747792338
2.252320618
2.252320618
2.252320618
2.252320618
2.252320618
2.252320618
2.252320618
2.252320618
2.004211772
2.004211772
2.004211772
2.004211772
2.004211772
2.004211772
2.004211772
2.004211772
1.721198454
1.721198454
1.721198454
1.721198454
1.891130125
1.891130125
1.891130125
1.891130125
1.894118479
1.894118479
1.894118479
1.894118479
1.894118479
1.894118479
1.894118479
1.894118479
1.823228078
1.823228078
1.823228078
1.823228078
1.823228078
1.823228078
1.823228078
1.823228078
1.626494762
1.626494762
1.626494762
1.626494762
1.626494762
1.626494762
1.626494762
1.626494762
1.263575751
1.263575751
1.263575751
0.8737428
0.8737428
0.8737428
0.8737428
0.8737428
0.4950176
0.4950176
0.4950176
0.4950176
0.4950176
0.4950176
0.4950176
0.4950176
0.5272764
0.5272764
0.5272764
0.5272764
0.5272764
0.5272764
0.5272764
0.5272764
0.5924828
0.5924828
0.5924828
0.5924828
0.5924828
0.5924828
0.5924828
0.5924828
0.4341736
0.495098182
0.495098182
0.495098182
0.495098182
0.495098182
0.495098182
0.495098182
0.394429091
0.394429091
0.394429091
0.394429091
0.394429091
0.394429091
0.394429091
0.394429091
0.298734545
0.298734545
0.298734545
0.298734545
0.298734545
0.298734545
0.298734545
0.298734545
0.214690909
0.214690909
0.214690909
0.214690909
0.214690909
0.214690909
0.214690909
0.214690909
0.264061417
0.264061417
0.264061417
0.264061417
0.264061417
0.264061417
0.264061417
0.264061417
0.157111811
0.157111811
0.157111811
0.157111811
0.157111811
0.157111811
0.157111811
0.157111811
0.146700787
0.146700787
0.146700787
0.146700787
0.146700787
0.146700787
0.146700787
0.146700787
0.067198425
0.067198425
0.067198425
0.067198425
0.067198425
0.067198425
0.064321782
0.064321782
0.100378218
0.100378218
0.100378218
0.100378218
0.100378218
0.100378218
0.100378218
0.100378218
0.072112871
0.072112871
0.072112871
0.072112871
0.072112871
0.072112871
0.072112871
0.072112871
0.0915
0.0915
0.0915
0.0915
0.0915
0.0915
0.0915
0.0915
0.04910198
0.04910198
0.04910198
0.04910198
0.04910198
0.017154545
0.017154545
0.017154545
0.017154545
0.017154545
0.017154545
0.017154545
0.017154545
0.026144628
0.026144628
0.026144628
0.026144628
0.026144628
0.026144628
0.026144628
0.026144628
0.030089256
0.030089256
0.030089256
0.030089256
0.030089256
0.030089256
0.030089256
0.030089256
0.052931405
0.052931405
0.052931405
0.052931405
0.052931405
0.052931405
0.052931405
0.084933405
0.066975216
0.066975216
0.066975216
0.066975216
0.066975216
0.066975216
0.066975216
0.066975216
0.122616164
0.122616164
0.122616164
0.122616164
0.122616164
0.122616164
0.122616164
0.122616164
0.128209698
0.128209698
0.128209698
0.128209698
0.128209698
0.128209698
0.128209698
0.128209698
0.211082328
0.211082328
0.211082328
0.211082328
0.181310345
0.181310345
0.181310345
0.181310345
0.144517241
0.144517241
0.144517241
0.144517241
0.144517241
0.144517241
0.144517241
0.144517241
0.253505747
0.253505747
0.253505747
0.253505747
0.253505747
0.253505747
0.253505747
0.253505747
0.367931034
0.367931034
0.367931034
0.367931034
0.367931034
0.367931034
0.367931034
0.367931034
0.443666667
0.443666667
0.443666667
0.716576044
0.716576044
0.716576044
0.716576044
0.716576044
0.823582555
0.823582555
0.823582555
0.823582555
0.823582555
0.823582555
0.823582555
0.823582555
1.17911373
1.17911373
1.17911373
1.17911373
1.17911373
1.17911373
1.17911373
1.17911373
1.962670948
1.962670948
1.962670948
1.962670948
1.962670948
1.962670948
1.962670948
1.962670948
2.592865782
2.025019209
2.025019209
2.025019209
2.025019209
2.025019209
2.025019209
2.025019209
2.237457232
2.237457232
2.237457232
2.237457232
2.237457232
2.237457232
2.237457232
2.237457232
2.083710795
2.083710795
2.083710795
2.083710795
2.083710795
2.083710795
2.083710795
2.083710795
2.309545811
2.309545811
2.309545811
2.309545811
2.309545811
2.309545811
2.309545811
2.309545811
2.280106776
2.280106776
2.280106776
2.280106776
2.280106776
2.280106776
2.280106776
2.280106776
2.221538147
2.221538147
2.221538147
2.221538147
2.221538147
2.221538147
2.221538147
2.221538147
2.151291182
2.151291182
2.151291182
2.151291182
2.151291182
2.151291182
2.151291182
2.151291182
2.076443661
2.076443661
2.076443661
2.076443661
2.076443661
2.076443661
1.773177409
1.773177409
1.878948537
1.878948537
1.878948537
1.878948537
1.878948537
1.878948537
1.878948537
1.878948537
2.175712101
2.175712101
2.175712101
2.175712101
2.175712101
2.175712101
2.175712101
2.175712101
1.794029431
1.794029431
1.794029431
1.794029431
1.794029431
1.794029431
1.794029431
1.794029431
1.462663598
1.462663598
1.462663598
1.462663598
1.462663598
1.60707046
1.60707046
1.60707046
1.248301941
1.248301941
1.248301941
1.248301941
1.248301941
1.248301941
1.248301941
1.248301941
0.938177187
0.938177187
0.938177187
0.938177187
0.938177187
0.938177187
0.938177187
0.938177187
1.032476363
1.032476363
1.032476363
1.032476363
1.032476363
1.032476363
1.032476363
1.032476363
0.712722467
0.712722467
0.712722467
0.712722467
0.4928364
0.4928364
0.4928364
0.4928364
0.4862928
0.4862928
0.4862928
0.4862928
0.4862928
0.4862928
0.4862928
0.4862928
0.478716
0.478716
0.478716
0.478716
0.478716
0.478716
0.478716
0.478716
0.5451852
0.5451852
0.5451852
0.5451852
0.5451852
0.5451852
0.5451852
0.5451852
0.5308352
0.5308352
0.605323636
0.605323636
0.605323636
0.605323636
0.605323636
0.605323636
0.505963636
0.505963636
0.505963636
0.505963636
0.505963636
0.505963636
0.505963636
0.505963636
0.472058182
0.472058182
0.472058182
0.472058182
0.472058182
0.472058182
0.472058182
0.472058182
0.361309091
0.361309091
0.361309091
0.361309091
0.361309091
0.361309091
0.361309091
0.361309091
0.224378182
0.324445354
0.324445354
0.324445354
0.324445354
0.324445354
0.324445354
0.324445354
0.251000315
0.251000315
0.251000315
0.251000315
0.251000315
0.251000315
0.251000315
0.251000315
0.24891811
0.24891811
0.24891811
0.24891811
0.24891811
0.24891811
0.24891811
0.24891811
0.145375748
0.145375748
0.145375748
0.145375748
0.145375748
0.145375748
0.145375748
0.139152475
0.016850495
0.016850495
0.016850495
0.016850495
0.016850495
0.016850495
0.016850495
0.016850495
0.022648515
0.022648515
0.022648515
0.022648515
0.022648515
0.022648515
0.022648515
0.022648515
0.024460396
0.024460396
0.024460396
0.024460396
0.024460396
0.024460396
0.024460396
0.024460396
0.105089109
0.105089109
0.105089109
0.105089109
0.105089109
0.105089109
0.009081818
0.009081818
0.009081818
0.009081818
0.009081818
0.009081818
0.009081818
0.009081818
0.031281818
0.031281818
0.031281818
0.031281818
0.031281818
0.031281818
0.031281818
0.031281818
0.033391736
0.033391736
0.033391736
0.033391736
0.033391736
0.033391736
0.033391736
0.033391736
0.048803306
0.048803306
0.048803306
0.048803306
0.048803306
0.048803306
0.048803306
0.078309483
0.097739655
0.097739655
0.097739655
0.097739655
0.097739655
0.097739655
0.097739655
0.097739655
0.099800431
0.099800431
0.099800431
0.099800431
0.099800431
0.099800431
0.099800431
0.099800431
0.16132931
0.16132931
0.16132931
0.16132931
0.16132931
0.16132931
0.16132931
0.16132931
0.206077586
0.206077586
0.206077586
0.177011494
0.177011494
0.177011494
0.177011494
0.177011494
0.235298851
0.235298851
0.235298851
0.235298851
0.235298851
0.235298851
0.235298851
0.235298851
0.266655172
0.266655172
0.266655172
0.266655172
0.266655172
0.266655172
0.266655172
0.266655172
0.29383908
0.29383908
0.29383908
0.29383908
0.29383908
0.29383908
0.29383908
0.29383908
0.457827586
0.457827586
0.739447665
0.739447665
0.739447665
0.739447665
0.739447665
0.739447665
1.271825478
1.271825478
1.271825478
1.271825478
1.271825478
1.271825478
1.271825478
1.271825478
1.829525442
1.829525442
1.829525442
1.829525442
1.829525442
1.829525442
1.829525442
1.829525442
2.12440598
2.12440598
2.12440598
2.12440598
2.12440598
2.12440598
2.12440598
2.12440598
1.846392642
1.846392642
1.846392642
1.846392642
1.846392642
1.846392642
1.846392642
1.846392642
1.854845507
1.854845507
1.854845507
1.854845507
1.854845507
1.854845507
1.854845507
1.854845507
1.714974526
1.714974526
1.714974526
1.714974526
1.714974526
1.714974526
1.714974526
1.714974526
1.731561278
1.731561278
1.731561278
1.731561278
1.731561278
1.731561278
1.731561278
1.921086393
1.519953221
1.519953221
1.519953221
1.519953221
1.519953221
1.519953221
1.519953221
1.519953221
2.023183367
2.023183367
2.023183367
2.023183367
2.023183367
2.023183367
2.023183367
2.023183367
2.058218378
2.058218378
2.058218378
2.058218378
2.058218378
2.058218378
2.058218378
2.058218378
2.18544147
2.18544147
2.18544147
2.18544147
2.18544147
1.866256001
1.866256001
1.866256001
1.642625617
1.642625617
1.642625617
1.642625617
1.642625617
1.642625617
1.642625617
1.642625617
1.647763071
1.647763071
1.647763071
1.647763071
1.647763071
1.647763071
1.647763071
1.647763071
1.398747616
1.398747616
1.398747616
1.398747616
1.398747616
1.398747616
1.398747616
1.398747616
1.103948372
1.103948372
1.103948372
1.103948372
1.21293975
1.21293975
1.21293975
1.21293975
1.282668014
1.282668014
1.282668014
1.282668014
1.282668014
1.282668014
1.282668014
1.282668014
1.132586227
1.132586227
1.132586227
1.132586227
1.132586227
1.132586227
1.132586227
1.132586227
1.261583515
1.261583515
1.261583515
1.261583515
1.261583515
1.261583515
1.261583515
1.261583515
1.56091699
1.56091699
1.56091699
1.0793496
1.0793496
1.0793496
1.0793496
1.0793496
1.0327408
1.0327408
1.0327408
1.0327408
1.0327408
1.0327408
1.0327408
1.0327408
0.7417228
0.7417228
0.7417228
0.7417228
0.7417228
0.7417228
0.7417228
0.7417228
0.56252
0.56252
0.56252
0.56252
0.56252
0.56252
0.56252
0.56252
0.477568
0.544581818
0.544581818
0.544581818
0.544581818
0.544581818
0.544581818
0.544581818
0.492741818
0.492741818
0.492741818
0.492741818
0.492741818
0.492741818
0.492741818
0.492741818
0.402283636
0.402283636
0.402283636
0.402283636
0.402283636
0.402283636
0.402283636
0.402283636
0.267578182
0.267578182
0.267578182
0.267578182
0.267578182
0.267578182
0.267578182
0.267578182
0.332963465
0.332963465
0.332963465
0.332963465
0.332963465
0.332963465
0.332963465
0.332963465
0.197809449
0.197809449
0.197809449
0.197809449
0.197809449
0.197809449
0.197809449
0.197809449
0.161844094
0.161844094
0.161844094
0.161844094
0.161844094
0.161844094
0.161844094
0.161844094
0.146700787
0.146700787
0.146700787
0.146700787
0.146700787
0.146700787
0.140420792
0.140420792
0.089325743
0.089325743
0.089325743
0.089325743
0.089325743
0.089325743
0.089325743
0.089325743
0.084977228
0.084977228
0.084977228
0.084977228
0.084977228
0.084977228
0.084977228
0.084977228
0.062328713
0.062328713
0.062328713
0.062328713
0.062328713
0.062328713
0.062328713
0.062328713
0
0
0
0
0
0.00862314
0.00862314
0.00862314
0.00862314
0.00862314
0.00862314
0.00862314
0.00862314
0.013485124
0.013485124
0.013485124
0.013485124
0.013485124
0.013485124
0.013485124
0.013485124
0.023300826
0.023300826
0.023300826
0.023300826
0.023300826
0.023300826
0.023300826
0.023300826
0.039171074
0.039171074
0.039171074
0.039171074
0.039171074
0.039171074
0.039171074
0.062853664
0.048133836
0.048133836
0.048133836
0.048133836
0.048133836
0.048133836
0.048133836
0.048133836
0.076248707
0.076248707
0.076248707
0.076248707
0.076248707
0.076248707
0.076248707
0.076248707
0.066239224
0.066239224
0.066239224
0.066239224
0.066239224
0.066239224
0.066239224
0.066239224
0.106277155
0.106277155
0.106277155
0.091287356
0.091287356
0.091287356
0.091287356
0.091287356
0.099252874
0.099252874
0.099252874
0.099252874
0.099252874
0.099252874
0.099252874
0.099252874
0.126942529
0.126942529
0.126942529
0.126942529
0.126942529
0.126942529
0.126942529
0.126942529
0.143126437
0.143126437
0.143126437
0.143126437
0.143126437
0.143126437
0.143126437
0.143126437
0.287390805
0.287390805
0.464171373
0.464171373
0.464171373
0.464171373
0.464171373
0.464171373
0.561375761
0.561375761
0.561375761
0.561375761
0.561375761
0.561375761
0.561375761
0.561375761
0.696971798
0.696971798
0.696971798
0.696971798
0.696971798
0.696971798
0.696971798
0.696971798
1.060467197
1.060467197
1.060467197
1.060467197
1.060467197
1.060467197
1.060467197
1.060467197
1.334914608
1.334914608
1.334914608
1.334914608
1.334914608
1.334914608
1.334914608
1.334914608
2.035864393
2.035864393
2.035864393
2.035864393
2.035864393
2.035864393
2.035864393
2.035864393
2.400294486
2.400294486
2.400294486
2.400294486
2.400294486
2.400294486
2.400294486
2.400294486
2.423420247
2.423420247
2.423420247
2.423420247
2.423420247
2.423420247
2.423420247
2.688671617
2.708666345
2.708666345
2.708666345
2.708666345
2.708666345
2.708666345
2.708666345
2.708666345
2.536853239
2.536853239
2.536853239
2.536853239
2.536853239
2.536853239
2.536853239
2.536853239
2.416177093
2.416177093
2.416177093
2.416177093
2.416177093
2.416177093
2.416177093
2.416177093
2.232685651
2.232685651
2.232685651
2.232685651
2.232685651
1.906600132
1.906600132
1.906600132
1.376082374
1.376082374
1.376082374
1.376082374
1.376082374
1.376082374
1.376082374
1.376082374
1.290861065
1.290861065
1.290861065
1.290861065
1.290861065
1.290861065
1.290861065
1.290861065
1.089140414
1.089140414
1.089140414
1.089140414
1.089140414
1.089140414
1.089140414
1.089140414
1.265324893
1.265324893
1.265324893
1.265324893
1.390248764
1.390248764
1.390248764
1.390248764
1.199824196
1.199824196
1.199824196
1.199824196
1.199824196
1.199824196
1.199824196
1.199824196
1.267726243
1.267726243
1.267726243
1.267726243
1.267726243
1.267726243
1.267726243
1.267726243
1.217588301
1.217588301
1.217588301
1.217588301
1.217588301
1.217588301
1.217588301
1.217588301
1.02865791
1.02865791
1.02865791
0.7113008
0.7113008
0.7113008
0.7113008
0.7113008
0.722666
0.722666
0.722666
0.722666
0.722666
0.722666
0.722666
0.722666
0.630252
0.630252
0.630252
0.630252
0.630252
0.630252
0.630252
0.630252
0.5896128
0.5896128
0.5896128
0.5896128
0.5896128
0.5896128
0.5896128
0.5896128
0.6145244
0.700756364
0.700756364
0.700756364
0.700756364
0.700756364
0.700756364
0.700756364
0.463025455
0.463025455
0.463025455
0.463025455
0.463025455
0.463025455
0.463025455
0.463025455
0.287476364
0.287476364
0.287476364
0.287476364
0.287476364
0.287476364
0.287476364
0.287476364
0.331854545
0.331854545
0.331854545
0.331854545
0.331854545
0.331854545
0.331854545
0.331854545
0.270686614
0.270686614
0.270686614
0.270686614
0.270686614
0.270686614
0.270686614
0.270686614
0.067198425
0.067198425
0.067198425
0.067198425
0.067198425
0.067198425
0.067198425
0.067198425
0.1202
0.1202
0.1202
0.1202
0.1202
0.1202
0.1202
0.1202
0.162033386
0.162033386
0.162033386
0.162033386
0.162033386
0.162033386
0.15509703
0.15509703
0.045478218
0.045478218
0.045478218
0.045478218
0.045478218
0.045478218
0.045478218
0.045478218
0.088057426
0.088057426
0.088057426
0.088057426
0.088057426
0.088057426
0.088057426
0.088057426
0.092768317
0.092768317
0.092768317
0.092768317
0.092768317
0.092768317
0.092768317
0.092768317
0.046021782
0.046021782
0.046021782
0.046021782
0.046021782
0.027704132
0.027704132
0.027704132
0.027704132
0.027704132
0.027704132
0.027704132
0.027704132
0.031923967
0.031923967
0.031923967
0.031923967
0.031923967
0.031923967
0.031923967
0.031923967
0.046785124
0.046785124
0.046785124
0.046785124
0.046785124
0.046785124
0.046785124
0.046785124
0.041097521
0.041097521
0.041097521
0.041097521
0.041097521
0.041097521
0.041097521
0.065944828
0.066828017
0.066828017
0.066828017
0.066828017
0.066828017
0.066828017
0.066828017
0.066828017
0.051372198
0.051372198
0.051372198
0.051372198
0.051372198
0.051372198
0.051372198
0.051372198
0.058732112
0.058732112
0.058732112
0.058732112
0.058732112
0.058732112
0.058732112
0.058732112
0.035327586
0.035327586
0.035327586
0.030344828
0.030344828
0.030344828
0.030344828
0.030344828
0.080413793
0.080413793
0.080413793
0.080413793
0.080413793
0.080413793
0.080413793
0.080413793
0.102666667
0.102666667
0.102666667
0.102666667
0.102666667
0.102666667
0.102666667
0.102666667
0.153241379
0.153241379
0.153241379
0.153241379
0.153241379
0.153241379
0.153241379
0.153241379
0.243390805
0.243390805
0.39310598
0.39310598
0.39310598
0.39310598
0.39310598
0.39310598
0.595887403
0.595887403
0.595887403
0.595887403
0.595887403
0.595887403
0.595887403
0.595887403
0.878311076
0.878311076
0.878311076
0.878311076
0.878311076
0.878311076
0.878311076
0.878311076
1.15869264
1.15869264
1.15869264
1.15869264
1.15869264
1.15869264
1.15869264
1.15869264
1.104294952
1.104294952
1.104294952
1.104294952
1.104294952
1.104294952
1.104294952
1.104294952
1.040978213
1.040978213
1.040978213
1.040978213
1.040978213
1.040978213
1.040978213
1.040978213
1.079095847
1.079095847
1.079095847
1.079095847
1.079095847
1.079095847
1.079095847
1.079095847
0.803500573
0.803500573
0.803500573
0.803500573
0.803500573
0.803500573
0.803500573
0.891446371
0.775193837
0.775193837
0.775193837
0.775193837
0.775193837
0.775193837
0.775193837
0.775193837
0.569938222
0.569938222
0.569938222
0.569938222
0.569938222
0.569938222
0.569938222
0.569938222
1.590200186
1.590200186
1.590200186
1.590200186
1.590200186
1.590200186
1.590200186
1.590200186
1.162348394
1.162348394
1.162348394
1.162348394
1.162348394
0.992586485
0.992586485
0.992586485
1.123289378
1.123289378
1.123289378
1.123289378
1.123289378
1.123289378
1.123289378
1.123289378
0.621178724
0.621178724
0.621178724
0.621178724
0.621178724
0.621178724
0.621178724
0.621178724
0.837556232
0.837556232
0.837556232
0.837556232
0.837556232
0.837556232
0.837556232
0.837556232
0.710328675
0.710328675
0.710328675
0.710328675
0.780458495
0.780458495
0.780458495
0.780458495
0.666568998
0.666568998
0.666568998
0.666568998
0.666568998
0.666568998
0.666568998
0.666568998
0.60912619
0.60912619
0.60912619
0.60912619
0.60912619
0.60912619
0.60912619
0.60912619
0.911614039
0.911614039
0.911614039
0.911614039
0.911614039
0.911614039
0.911614039
0.911614039
0.889035363
0.889035363
0.889035363
0.614754
0.614754
0.614754
0.614754
0.614754
0.6573448
0.6573448
0.6573448
0.6573448
0.6573448
0.6573448
0.6573448
0.6573448
0.7505624
0.7505624
0.7505624
0.7505624
0.7505624
0.7505624
0.7505624
0.7505624
0.7890204
0.7890204
0.7890204
0.7890204
0.7890204
0.7890204
0.7890204
0.7890204
0.2872296
0.327534545
0.327534545
0.327534545
0.327534545
0.327534545
0.327534545
0.327534545
0.416029091
0.416029091
0.416029091
0.416029091
0.416029091
0.416029091
0.416029091
0.416029091
0.477687273
0.477687273
0.477687273
0.477687273
0.477687273
0.477687273
0.477687273
0.477687273
0.242312727
0.242312727
0.242312727
0.242312727
0.242312727
0.242312727
0.242312727
0.242312727
0.316305827
0.316305827
0.316305827
0.316305827
0.316305827
0.316305827
0.316305827
0.316305827
0.146700787
0.146700787
0.146700787
0.146700787
0.146700787
0.146700787
0.146700787
0.146700787
0.164304882
0.164304882
0.164304882
0.164304882
0.164304882
0.164304882
0.164304882
0.164304882
0.190427087
0.190427087
0.190427087
0.190427087
0.190427087
0.190427087
0.182275248
0.182275248
0.154009901
0.154009901
0.154009901
0.154009901
0.154009901
0.154009901
0.154009901
0.154009901
0.087513861
0.087513861
0.087513861
0.087513861
0.087513861
0.087513861
0.087513861
0.087513861
0.125563366
0.125563366
0.125563366
0.125563366
0.125563366
0.125563366
0.125563366
0.125563366
0.097479208
0.097479208
0.097479208
0.097479208
0.097479208
