20000101
20191231
7.33
9.23
7.75
3.97
3.3
3.62
4.86
7.37
5.79
4.99
5.52
6.48
6.11
4.56
7.31
9.39
9.47
8.52
9.43
6.36
6.26
7.42
7.29
4.7
4.79
3.44
3.1
3.08
2.72
1.99
2.78
4.23
4.48
5.9
4.85
3.58
5.07
6.58
7.12
9.26
10.9
8.14
7.48
8.28
7.15
9.04
9.41
10.73
9.64
8.26
8.5
10.99
13.13
13.21
13.12
14.72
10.41
10.08
10.99
12.93
11.86
10.38
8.98
9.76
10.96
14.15
15.05
13.84
12.48
9.74
8.95
9.53
11.88
12.34
14.95
10.53
8.25
8.81
10.63
11.34
11.24
11.92
13.65
14.32
15.98
17.77
16.53
16.51
13.53
13.07
13.27
11.81
14.17
11.71
12.46
15.51
18.06
17.73
14.72
14.13
16.83
15.47
12.68
14.15
14.71
16.26
15.89
16.05
19.64
21.99
18.42
17.91
16.37
18.8
19.85
20.62
18.97
19.82
19.32
18.12
17.98
18.27
16.71
17.41
19.72
18.73
21.7
24.21
25.09
22.29
21.61
25.03
24.83
21.72
20.96
21.34
22.81
23.03
24.19
20.58
22.25
24.72
26.75
28.33
29.57
26.37
25.64
25.61
25.21
26.01
27.65
28.77
28.84
26.44
24.23
25.04
24.25
23.41
24.09
24.96
25.37
24.43
24.76
26.14
26.68
24.75
25.08
25.75
21.09
22.81
24.04
25.65
24.06
25.07
26.5
27.25
25.92
25.28
24.96
24.94
24.69
25.78
26.5
25.65
27.04
27.4
27.14
27.57
27.64
28.25
28.6
28.88
29.35
29.36
30.19
29.32
30.01
30.06
28.17
29.12
29.92
30.16
27.96
26.02
25.68
25.77
25.77
27.42
25.49
26.11
27.27
27.1
27.59
28.29
28.96
29.48
30.5
31.05
31.8
32.62
32.4
32.45
33.14
33.11
33.07
32.71
31.7
32.54
32.99
33.35
33.1
32.72
32.8
32.78
33.21
33.38
33.55
33.61
34.33
34.61
34.13
34.05
33.27
33.37
34.33
33.61
34.41
34.24
33.25
32.35
31.65
31.97
31.62
32.87
33.63
33.16
31.99
32.77
30.82
28.6
27.97
27.43
28.66
28.14
27.14
30.51
29.79
19.24
17.54
17.98
18.96
20.16
20.53
21.04
22.18
22.2
24.12
25.27
24.33
20.97
17.86
16.63
15.37
14.94
16.95
19.19
20.21
20.04
20.01
20.67
19.65
19.47
18.8
17.99
17.87
18.6
19.12
20.22
19.09
18.84
19.76
20.09
19.36
20.12
20.4
19.96
17.35
16.74
16.36
16.61
15.77
12.31
9.06
9.05
8.86
8.92
8.72
7.27
6.82
7.36
7.85
6.41
7.13
6.76
6.27
5.9
7.32
9.22
9.51
8.93
8.04
7.92
7.93
7.9
6.82
7.06
6.37
5.07
4.97
4.88
5.53
4.55
4.84
5.12
6.7
3.83
1.13
1.07
0.73
1.1
1.08
0.19
0.37
0.34
0.65
0.61
0.07
0.89
0.81
0.57
0.5
0.26
0.29
0.06
-0.39
-0.54
-0.05
0.17
0.16
0.44
1.19
2.48
3.3
2.67
2.65
2.69
3.51
3.37
5.05
4.27
3.24
3.11
1.86
2.85
1.16
0.18
1.88
2.27
3.69
4.7
3.71
5.93
2.41
3.29
4.51
4.4
3.97
2.93
2.55
3.87
4.87
4.76
6.36
7.65
12.9
4.97
3.24
4.15
6.13
8.06
9.77
3.2
3.05
2.43
3.09
6.92
9.17
6.47
5.65
6.68
10.36
8.52
10.14
8.62
2.31
4.96
6.83
7.74
8.31
8.67
9.66
10.89
7.86
9.53
10.07
11.25
12.72
11.86
11.3
8.69
8.06
8.8
8.22
8.93
10.25
11.94
14.56
15.12
10.75
6.96
7.73
6.71
7.26
9.02
11.64
12
10.67
16.06
19.14
20.1
19.34
19.15
18.17
19.23
20.63
20.03
20.24
21.51
17.61
17.57
19.44
16.99
13.88
13.29
15.99
18.81
19.77
18.77
17.34
17.14
18.11
19.37
20.11
20.15
20.84
19.99
22.03
23.51
22.23
20.34
20.93
21.76
18.64
20.36
22.11
23.05
22.74
23.36
24.23
25.09
25.89
27.16
26.58
25.22
23.87
24.19
19.37
20.37
23.55
22.92
21.85
23.41
25.96
23.85
22.89
24.84
22.88
23.38
25.86
26.69
27.59
27.59
27.39
28.34
28.6
28.91
29.04
29.73
30.37
29.43
26.5
27.35
28.75
29.83
29.47
30.08
29.87
27.9
28.31
29.19
29.81
30.09
29.9
27.44
24.77
26.56
27.37
28.04
28.54
29.7
31.46
31.86
33.13
33.56
33.87
34.26
34.52
35.19
35.98
32.78
30.99
33.15
33.83
35.73
36.25
35.95
35.21
36.62
36.71
36.62
36.83
37.04
36.39
36.69
36.6
35.2
36.38
36.56
36.93
36.49
36.16
36.67
37.23
36.01
36.3
35.94
36.75
35.72
34.53
30.58
29.97
29.77
30.58
31.97
29.2
27.61
29.64
31.04
31.86
31.18
28.05
29.92
31.57
27.24
29.24
27.62
26.43
26.23
26.67
27.08
29.09
27.42
26.02
25.65
25.74
25.91
23.7
22.36
22.03
23.06
25.28
25.59
26.23
22.62
24.27
24.15
21.8
22.7
22.4
23.05
23.87
22.53
18.91
18.86
19.31
20.18
20.85
20.76
20.12
19.95
19.91
21.2
22.52
18.26
16.67
17.04
19.38
19.74
18.59
17.15
17.16
16.56
16.25
14.65
13.11
12.71
14.76
15.55
17.43
18.78
18.96
19.73
16.59
13.59
13.47
13.27
14.03
15.31
14.9
15.88
18.64
18.79
17.65
18.05
17.24
16.07
15
14.08
11.91
12.2
14.1
16.26
16.07
16.44
15.36
15.59
14.92
15.8
11.14
7.91
8.26
10.27
13.33
10.77
9.93
10.28
4.15
3.65
4.12
5.21
5.84
8.07
11.47
15.44
15.59
10.48
9.43
7.28
4.88
4.64
4.86
8.23
7.18
6.48
6.74
9.03
7.72
6.59
5.2
4.88
6
8.1
3.47
2.13
1.79
1.59
2.79
3.54
2.09
1.05
1.51
1.3
0.87
-0.17
0.26
3.01
2.83
1.99
3.58
5.83
6.17
5.08
4.66
4.53
4.92
4.15
5.91
4.76
2.61
3.79
3.34
3.66
6.46
7.63
4.84
3.79
4.76
6.5
9.17
9.04
4.6
3.09
2.67
2.6
4.59
4.3
3.77
3.53
5.45
5.67
6.67
4.03
3.27
4.2
4.67
3.89
5.65
5.6
6.59
7.97
11.3
9.49
8.92
8.08
8.63
10.1
6.43
1.99
2.43
3.87
5.5
1.41
0.57
1.92
4.19
8
10.03
12.79
7.76
6.39
9.21
10.73
12.02
14.6
11.16
9.41
10.81
11
11.59
11.76
7.75
6.34
8.4
12.81
7.77
8.28
10.09
13.7
14.86
12.6
13.77
15.02
14.38
11.91
11.6
13.01
12.09
10.63
12.24
14.97
15.68
17.03
16
16.24
18.84
20.23
19.97
22.21
21.53
20.47
18.97
19.34
18.39
19.19
20.32
15.92
14
16.9
18.35
19.51
21.52
23.2
19.64
17.98
20.27
21.12
23.26
23.64
23.49
20.61
19.33
21.54
19.41
18.23
19.37
19.92
22.06
18.98
18.53
19.15
20.02
20.6
20.6
20.39
21.39
19.38
22.88
21.35
20.73
22.38
23.91
24.87
25.3
25.72
26.47
26.39
24.45
25.17
25.69
25.86
26.85
26.41
27.18
28.05
25.41
25.39
24.72
24.52
25.03
25.27
25.98
27.22
27.78
27.74
27.19
27.47
28.25
28.43
28.71
28.85
28.83
27.45
24.79
25.32
25.01
25.87
26.52
26.3
27.34
28.05
28.58
28.69
28.28
28.28
27.74
28.2
28.34
27.91
27.66
27.42
28.92
29.55
29.9
30.39
29.87
30.41
29.84
31.14
31.84
30.37
27.43
27.36
28.77
30.16
30.72
30.77
31.12
31.23
31.55
31.76
31.91
31.27
30.78
30.79
31.06
29.03
25.82
26.98
27.97
28.52
29.49
30.05
30.08
30.69
31.13
31.7
32.37
28.86
29.29
26.49
26.87
26.87
26.5
26.65
27.24
27.98
28.3
28.01
28.39
28.5
28.7
25.74
25.39
26.29
25.91
26.4
26.52
26.05
23.64
23.71
24.99
26.86
23.5
22.34
22.23
21.45
21
20.88
21.19
22.59
22.71
23.66
24.17
25.24
25.32
25.95
25.99
23.71
21.41
21.66
19.71
17.61
16.09
17.32
18.08
17.93
14.77
14.08
14
13.5
14.03
15.62
16.26
15.28
15.19
15.93
15.65
12.42
12.22
11.81
12.72
12.97
12.92
12.52
10.29
9.38
8.92
10.21
8.77
10.07
9.65
10.09
11.81
14.22
12.79
10.75
11.2
9.79
10.92
10.49
9.37
9.11
10.1
9.25
9.49
10.25
9.27
9.76
10.25
7.13
6.03
4.67
5.22
6.41
6.88
5.59
8.09
6.04
3.8
3.37
3.35
5.2
6.51
6.83
7.25
6.83
7.54
7.26
5.96
6.77
9.05
8.53
10.4
8.28
5.86
5.23
4.63
4.25
2.58
1.83
2.88
3.16
3.49
6.41
8.5
5.7
4.2
3.51
3.61
5.08
5.47
4.33
3.85
5.55
6.63
3.87
3.37
4.34
4.83
5.08
4.09
2.8
1.65
2.37
3.25
5.02
4.15
2.81
0.67
-0.2
1.94
1.91
1.81
6.35
5.76
4.25
6.68
6.82
9.25
8.99
5.3
4.06
3.61
2.07
2.49
2.99
4.41
5.09
6.14
8.38
13.23
8.76
4.96
5.22
6.95
8.51
7.75
8.41
7.53
4.73
0.7
0.16
1.01
2.39
3.17
4.64
5.6
5.67
8.72
4.73
5.21
7.98
10.37
8.29
7.35
10.75
14.44
15.03
13.29
14.02
16.38
16.19
13.73
13.35
10.55
12.52
12.28
14.16
15.87
14.2
13.28
14.14
10.32
9.32
10.1
12.68
14.53
16.94
17.08
18.35
14.73
17.02
13.75
10.18
11.62
13.65
15.75
17.18
18.87
20.41
17.9
16.45
16.94
19.66
20.63
18.51
18.73
17.73
15.13
18.16
18.34
19.55
21.86
21.42
22.66
23.35
24.13
22.7
21.74
24.68
23.97
24.81
24.74
25.42
26.77
27.15
24.61
24.47
24.06
23.7
23.47
23.24
21.24
23.09
24.29
18.04
18.64
20.53
22.31
23.86
23.47
21.46
22.19
23.42
26.1
27.67
27.26
25.48
25.42
24.5
21.42
21.42
23.03
22.71
22.74
23.88
24.59
25.6
24.62
25.25
23.69
25.25
25.47
25.64
25.77
26
26.29
26.32
27.42
28.55
28.6
28.32
23.41
23.85
24.94
25.28
26.36
27.08
27.89
28.45
28.73
28.9
28.42
28.7
28.45
29.17
30.42
30.15
31.13
30.95
31.56
31.71
31.27
31.75
32.09
32.24
32.68
32.16
31.64
30.61
30.27
31.82
32.65
32.21
32.65
32.47
28.82
28.49
29.76
28.78
27.41
28.25
30.73
32.01
31.85
32.16
29.37
28.3
28.02
27.33
26.21
26.69
28.46
29.23
30.42
30.63
31.14
30.84
31.58
32.08
31.51
29.35
29.87
30.82
30.56
31.25
30.07
26.47
25.93
24.02
24.38
25.44
25.56
25.03
24.33
23.49
24.07
25.54
26.32
23.72
22.3
21.37
21.55
20.89
22.26
23.54
21.68
20.18
20.3
21.02
21.69
22.47
22.91
22.69
23.2
21.92
20.34
18.12
19.22
17.28
17.31
18.29
18.42
19.29
20.16
20.18
20.7
21.91
21.72
20.13
19.25
19.68
17.82
16.05
17.5
17.03
16.74
18.04
18.84
19.38
19.53
19.43
19.57
16.21
14.65
14.91
15.46
15.39
18.28
16.11
15.97
18.3
19.85
19.21
13.19
10.85
10.56
11.34
11.69
12.67
16.34
15.31
11.2
9.8
12.17
12.04
14.9
12.56
10.78
10.72
11.5
12.78
9.47
5.45
6.63
7.92
7.29
5.68
5.91
7.86
8.11
8.23
8.7
6.8
5.48
4.44
6.56
9.68
8.45
4.5
3.65
3.68
4.35
4.85
6.79
4.51
3.46
4.55
3.89
4.02
7.21
9.4
6.6
4.81
5.25
8
12.07
8.68
5.37
5.17
6.88
10.22
12
12.25
8.62
3.57
0.94
0.98
3.99
3.63
3.36
5.02
6.65
9.61
9.01
8.02
9.48
9.59
5.88
3.15
3.63
4.84
4.51
5.07
8.73
10.13
5.49
2.02
2.85
4.39
2.4
2.54
5.03
3.61
2.97
3.35
3.72
2.95
2.07
2.49
4.52
3.85
4.42
2.98
1.79
3.14
3.26
4.44
5.44
6.06
9.33
9.23
8.23
8.92
10.12
7.37
6.46
6.54
6.92
7.65
9.82
9.72
8.89
9.43
11.59
11.37
11.13
10.72
10.64
11.47
10.09
11.73
11.39
10.4
12.86
11.58
11.07
12.81
15.76
17.4
18.75
13.78
12.55
14.05
15.69
17.1
18.12
17.32
17.05
15.48
14.66
14.53
15.49
17.11
17.25
16.74
16.78
16.66
15.8
17.11
16.67
13.44
12.35
12.93
12.65
13.56
16.83
19.84
20.75
18.99
18.31
19.76
19.69
21.63
19.59
18.01
18.95
19.98
19.66
19.77
20.8
18.97
15.66
16.94
17.63
19.77
21.02
22.52
22.13
22.98
22.95
23.65
23.71
24.13
22.26
18.21
19.83
21.43
23.53
24.41
25.87
26.78
26.21
25.08
27.61
27.51
24.91
25.72
24.54
25.73
25.29
27.33
25.76
26.92
24.74
23.38
23.51
23.76
25.43
23.62
23.46
22.58
22.52
28
26.24
26.61
27.88
26.71
27.34
27.64
25.96
24.89
25.07
25.07
24.25
24.01
24.37
25.37
25.57
25.46
25.62
24.78
24.85
24.88
26.35
27.48
28.14
27.68
26.51
27.17
28.11
27.33
27.25
27.54
28.24
28.61
28.76
29.28
29.08
29.08
28.43
28.67
29.41
29.71
29.21
28.61
26.69
23.56
24.62
24.16
22.84
23.21
24.9
26.06
27
27.83
28.17
28.2
27.48
25.59
25.81
24.32
25.68
26.31
24.84
23.68
24.1
22.84
22.12
23.61
24.18
24.61
23.77
22.71
22.58
24.55
25.55
26.65
26.75
27.42
27.73
25.55
24.64
23.55
23.85
24.1
24.45
24.02
24.82
25.64
24.83
22.58
21.57
21.75
23.1
24.52
25.75
25.99
26.35
27.32
28.15
28.34
27.4
26.76
25.62
26.37
24.96
24.37
25.17
24.55
24.39
23.63
22.16
23.09
20.99
21.08
18.48
17.56
19.77
20.03
19.19
20.65
21.65
19.32
17.84
17.87
17.27
17.03
15.34
16.11
15.64
15.4
17.92
17.37
17.15
18.9
20.05
18.62
17.03
20.11
20.53
20.08
21.2
21.17
17.08
17.66
17.97
14.06
12.09
11.27
11.87
12.68
13.72
13.52
12.49
12.56
10.88
10.29
9.91
10.55
11.65
14.1
15.16
15.29
14.53
13.07
12.44
11.92
13.65
9.81
7.84
10.29
9.84
7.68
9.19
6.47
4.67
4.95
4.33
4.71
7.62
8.55
8.37
7.87
8.1
7.32
6.51
7.04
5.49
2.97
1.86
4.59
4.52
5.57
4.42
5.05
5.83
3.14
1.36
0.68
0.91
2.44
3.35
5.9
7.7
10.49
10.06
12.33
13.79
9.88
7.26
3.4
0.59
1.6
2.67
5.55
7.42
7.26
8.62
6.7
3.25
2.15
1.75
1.22
1.65
3.73
5.55
7.22
5.83
2.41
4.09
6.52
7.64
6.27
4.55
4.84
4.07
4.69
4.77
4.87
5.06
5.18
6.32
8.08
7.39
6.07
4.88
5.37
6.72
8
11.33
10.03
11.42
9.03
8.53
7.69
8.49
13.18
12.26
11.16
9.52
9.36
8.51
9.45
9.02
8.79
7.05
8.64
9.74
11.65
11.15
12.29
12.03
10.01
9.67
9.27
9.96
11.88
9.78
9.82
8.22
8.59
8.54
10.83
10.27
11.45
13.93
9.95
10.16
11.86
11.4
8.81
9.29
11.02
13.72
14.33
13.4
12.07
12.69
13.77
15.86
16.87
14.05
14.99
15.55
17.07
16.44
15.8
15.03
15.5
16.72
16.75
17.09
17.95
17.85
18.41
20.13
20.82
18.02
17.12
16.85
17.3
16.95
18.58
20.22
15.97
16.75
15.75
13.23
12.96
13.78
15.84
18.35
17.88
19.77
20.3
23.01
23.85
21.72
20.82
21.53
19.3
20.52
21.58
22.15
23.31
25.33
26.58
27.44
26.33
26.2
23.84
23.02
20.57
20.68
22.46
22.61
22.33
23.63
24.85
25.16
25.57
23.71
25.79
26.62
27.53
27.79
26.01
26.84
26.51
25.87
25.34
25.03
26.48
26.08
26.9
26.98
26.76
26.75
26.74
27.27
27.88
28.12
28.62
29.01
29.36
29.66
30.33
28.58
27.62
29.65
27.57
27.66
27.73
27.05
27.59
28
28.53
29.4
30.28
30.34
29.93
30.68
30.88
30.79
30.46
31.01
31.69
32.1
32.46
32.38
31.73
32.15
31.17
25.92
26.41
26.83
27.45
27.8
28.17
28.86
29.18
29.41
28.77
28.16
28.35
28.14
28.39
28.56
28.61
29.35
28.11
26.39
26.23
25.79
27.7
28.38
28.54
28.98
27.55
28.44
28.49
28.87
28.76
29.01
26.89
27.29
27.17
26.97
26.74
26.9
27.52
27.57
27.43
27
26.92
27.25
27.33
27.08
27.22
26.33
26.66
27.73
26.06
25.46
23.84
23.76
26.3
26.61
26.68
26.33
26.33
26.47
26.72
27.15
26.94
26.35
26.97
24.96
24.06
24.17
25.21
25.53
25.56
24.94
20.79
19.66
19.05
18.87
19.26
19.74
19.58
20.15
19.82
20.03
20.17
20.6
21.34
21.42
19.92
18.91
18.36
15.48
14.07
14.45
15.21
16.13
16.08
16.22
16.83
15.52
12.72
13.83
15.24
17.59
17.6
15.88
17.5
19.85
17.92
15.61
16.08
18.7
16.09
15.02
15.06
11.17
10.26
10.41
11.61
11.3
10.39
11.71
12.47
12.37
11.51
13.02
14.51
11.02
8.69
8.13
8.04
7.84
9.81
7.67
6.25
5.46
3.03
2.11
0.9
3.08
5.39
6.73
6.65
7.09
4.94
5.15
6.48
6.43
4.51
5.05
5.21
5.43
7.41
8.14
7.54
7.65
9.4
9.57
8.67
8.86
7.76
9.8
9.43
8.12
8.93
7.57
6.34
6.93
9.42
7.23
6.27
4.65
7.06
6.59
5.61
9.44
8.66
6.12
6.1
9.64
9.83
6.4
7.32
5.53
6.26
6.99
7.69
8.44
10.53
7.3
6.23
6.1
9.09
10.07
9.77
7.09
7.25
7.05
6.29
6.76
6.25
6.97
4.3
3.42
4.57
7.92
10.22
11.58
5.23
1.55
0.78
1.99
3.5
5.2
5.19
7.56
9.35
7.69
10.62
13.11
16.25
14.53
13.73
14.03
15.85
14.79
17.22
18.41
14.05
14.36
15.69
18.02
14.85
12.65
13.04
15.28
11.16
10.31
9.7
10.46
7.76
6.61
6.05
7.54
9.46
10.5
13.67
13.61
13.37
16.17
17.42
17.64
19.09
16.63
16.5
19.05
19.73
16.72
16.39
16.59
18.27
18.5
22.56
22.96
23.4
24.01
24.48
23.88
24.37
22.54
20.69
23
23.09
25.16
24.51
18.58
19.34
20.48
19.38
17.83
19.14
19
21.34
22.48
21.91
19.38
17.57
18.76
20.05
23.48
21.19
18.88
19.97
21.93
21.75
20.44
20.64
21.67
23.27
24.93
26.28
26.89
26.79
27.1
28.39
29.07
28.82
29.08
28.85
29.53
28.11
24.44
24.66
25.18
23.86
26.51
27.36
28.91
29.34
28.29
28.81
29.56
30.72
28.11
29.72
29.14
29.55
30.37
26.12
26.39
27.39
28.19
28.55
26.95
26.56
27.13
26.68
26.08
25.41
26.7
27.37
28.02
28.88
30.46
30.48
28.12
29.29
28.64
28.62
27.67
29.78
30.4
27.91
28.69
29.3
29.43
30.9
31.74
32.48
32.91
33.19
33.72
31.78
28.24
27.25
28
29.77
30.85
30.2
29.02
29.21
29.22
29.94
30.78
31.27
31.66
32.25
32.28
32.37
32.46
32.57
33.18
33.71
31.81
33.03
33.13
32.5
31.42
32.36
31.38
32.39
33.01
33.02
31.59
28.27
29.23
30.61
32.23
32.22
26.85
26.62
25.25
25.04
26.09
27.15
24.96
24.46
23.52
24.95
24.43
24.18
24.18
24.78
24.58
25.4
24.84
23.55
23.17
24.55
26.55
22.84
20.97
20.19
20.06
20.44
20.75
20.98
19.18
18.84
19.75
20.96
19.6
18.72
21.16
22.24
23.9
23.99
24.27
23.29
22.42
21.16
19.76
18.42
18.29
17.06
14.27
14.4
16.39
16.1
17.13
17.51
15.21
13.06
12.93
13.31
11.17
11.29
12.88
15.98
17.9
14.1
13.64
13.6
15.25
12.72
11.2
9.36
9.29
12.55
13.7
13.54
13.2
13.65
14.93
14.08
10.4
9.73
11.17
11.24
9.79
7.52
8.02
8.38
7.42
6.98
7.53
9.27
10.11
11.44
11.67
13.05
14.63
15.59
11.95
5.47
5.15
4.44
3.72
2.66
3.59
4.41
2.88
1.49
2.51
5.82
8.7
6.81
6.13
6.5
7.22
10.28
10.84
9.14
8.21
9.78
7.18
5.32
4.95
5.46
4.96
3.48
4.7
8.1
10.68
10.61
6.59
4.23
3.32
4.56
7.26
8.12
6.97
4.86
3.67
4.74
4.94
9.48
6.21
2.51
1.91
1.13
0.6
0.74
1.53
1.72
1.93
2.7
2.27
1.65
3.16
3.43
4.14
4.42
2.17
2.88
2.29
0.89
1.56
0.93
0.72
1.51
2.43
5.02
5.78
4.1
3.72
3.3
4.16
6.47
4.24
1.47
1.46
0.64
3.48
4.07
6.84
8.41
8.34
9.16
11.11
11.42
8.22
8.13
8.76
12.37
10.52
7.89
6.86
6.25
8.28
9.21
9.95
11.64
14.92
14.25
13.2
14.64
16.01
15.68
14.28
12.79
12.06
13.95
16.74
16.7
17.37
17.87
18.26
18.12
17.85
17.6
17.68
18.29
17.63
16.64
17
16.78
18.55
19.94
14.98
12.06
9.53
10.23
9.72
9.53
11.48
12.96
12.88
10.73
9.36
12.56
13.75
12.62
15.94
16.35
18.4
18.68
19.38
18.95
18.7
16.49
16.97
15.8
18.63
19.18
20.79
20.74
20.84
20.9
22.75
22.54
23.22
20.76
21.74
22.56
22.29
20.31
24.44
24.79
25.09
23.46
22.35
22.32
21.8
20.63
21.69
21.2
22.44
23.15
21.5
21.67
21.14
21.73
21.39
21.98
21.6
22.19
22.88
23.05
23.47
23.59
23.98
24.21
25.46
24.03
24.52
25.58
26.69
26.92
27.38
24.54
23.92
24.22
23.81
24.17
26.37
24.77
24.15
24.59
25.43
25.6
25.35
23.81
24.15
24.3
23.95
25.07
25.84
26.13
26.8
27.09
26.94
26.85
26.89
27.38
27.12
25.81
26.49
25.63
24.69
25.55
26.73
27.11
27.05
26.88
26.73
27.26
26.88
27.63
26.02
26.25
25.8
26.13
26.45
27.02
27.61
27.76
27.74
27.11
27.41
27.13
27.3
28.27
28.71
29.19
29.82
29.87
29.05
29.58
30.08
29.95
30.38
30.44
30.1
28.59
26.68
26.26
27.49
27.5
27.29
27.47
27.63
27.37
28.04
28.36
28.34
28.45
28.65
28.3
27.36
26.95
26.71
25.23
25.12
26.39
26.57
26.86
26
25.53
23.29
21.94
22.83
23.29
22.64
24.17
24.65
24.58
24.89
25.25
25.39
25.5
24.42
25.2
24
23.48
24.28
22.73
22.66
23.16
23.74
25.29
23.23
24.07
23.81
23.89
24.42
22.78
20.3
19.47
19.36
19.7
20.79
20.59
19.22
18.4
20.16
17.71
16.53
16.67
19.09
14.55
13.67
14.33
12.79
11.84
12.3
13.12
13.35
13.66
14.67
13.28
14.27
13.59
14.62
15.63
12.05
10.65
11.45
12.94
15.13
16.82
17.95
16.12
15.06
11.18
10.8
13.07
12.5
13.8
16.25
12.19
8.29
6.94
7.78
7.7
8.14
8.1
9.59
7.6
9.18
11.64
12.74
6.91
7.51
8.44
7.31
8.93
8.38
5.47
4.58
5.06
4.34
4.45
4.57
4.27
2.63
2.93
4.79
4.65
5.99
5.55
4.77
2.95
4.18
3.46
3.2
3.54
3.56
2.52
2.49
2.71
1.98
0.69
0.33
2.87
7
9.9
12.08
9.89
5.98
6.47
5.18
5.06
4.46
4.55
4.63
5.78
2.96
1.98
1.47
0.79
2.61
2.12
0.87
1.03
1.98
3.56
4.01
7.43
7.53
3.36
3.26
2.21
4.84
6.92
10.81
8.04
5.55
4.5
4.63
5.34
5.01
4.63
4.68
4.7
7.5
4.56
3.84
5.64
5.29
6.24
6.07
4.06
4.27
3.28
5.57
7.8
6.36
5.9
7.05
8.21
9.49
12.06
7.08
6.79
7.3
4.86
4.68
3.63
6.79
9.08
9.14
11.17
12.36
12.73
12.43
12.26
13.49
10.77
11.27
11.61
12.95
12.04
11.24
9.8
12.9
15.49
17.91
12.74
12.85
16.14
18.08
15.04
11.99
14.83
14.34
13.4
15.52
15.82
16.48
11.82
14.9
13.86
13.22
12.87
12.13
12.91
15.55
16.03
15.18
16.26
17.69
21.63
19.53
18.84
20.68
20.64
18.16
17.12
16.79
17.57
18.79
21.05
20.33
17.61
17.68
19.74
20.15
18.8
20.57
21.56
22.62
18.24
17.64
20.54
19.2
19.1
19.19
20.36
21.06
23.46
22.84
21.96
23.78
24.97
26.09
26.12
26.89
23.76
25.32
25.16
25.61
25.92
26.36
27.13
27.21
27.33
26.97
25.63
26.33
26.27
22.65
22.68
25.32
25.91
26.5
26.72
27.31
26.59
23.57
25.42
26.47
26.8
25.96
26.15
26.33
25.78
26.51
27.79
27.6
26.4
27.33
25.77
26.21
27.25
26.07
26.48
27.34
27.1
27.12
27.01
26.51
26.78
27.22
27.39
26
26.17
26.75
27.1
27.64
27.71
27.93
28.01
29.13
28.37
29.14
29.33
29.72
30.32
29.4
30.28
30.52
30.58
30.39
31.14
31.68
31.83
32.04
32.12
30.4
30.08
29.98
31.1
29.03
26.8
26.67
26.81
26.66
25.97
25.01
24.29
22.87
21.58
23.27
24.9
26.2
28.27
28.23
28.04
27.57
28.67
29.46
29.63
28.76
27.31
27.66
27.79
22.38
23.48
24.89
25.79
26.67
24.89
22.53
22.5
24.29
26.63
24.51
23.39
21.41
20.34
20.31
20.54
21.1
21.51
22.37
22.94
22.61
23.19
23.21
23.03
22.79
22.5
22.39
21.55
20.67
20.34
21.32
22.31
22.8
20.85
18.88
17.78
18.55
19.35
20.58
20.74
21.03
20.23
18.33
16.58
15.5
15.95
16.04
16.82
17.2
15.11
12.8
13.12
12.6
13.64
11.12
10.14
11.19
14.73
13.28
14.27
13.59
14.62
15.63
12.05
10.65
11.45
12.94
15.13
16.82
17.95
16.12
15.06
11.18
10.8
13.07
12.5
13.8
16.25
12.19
8.29
6.94
7.78
7.7
8.14
8.1
9.59
7.6
9.18
11.64
12.74
6.91
7.51
8.44
7.31
8.93
8.38
5.47
4.58
5.06
4.34
4.45
4.57
4.27
2.63
2.93
4.79
4.65
5.99
5.55
4.77
2.95
4.18
3.46
3.2
3.54
3.56
2.52
2.49
2.71
5.52
4.8
5.94
7.18
4.45
3.19
3.05
4.42
6.3
7.7
5.01
4.31
5.57
4
5.08
3.35
2.21
3.96
5.63
6.91
6.02
5.24
6.4
7.53
5.12
5.63
3.64
2.04
0.05
0.22
0.37
2.96
4.6
4.1
4.3
3.59
5.45
8.99
11.77
11.76
11.74
11
10.32
9.34
10.59
7.77
7.02
7.37
10.45
10.33
7.97
7.83
6.69
6.26
7.65
10.26
11.24
13.45
10.13
6.41
5.69
6.11
11.84
10.96
15.04
15.98
16.43
15.82
16.36
17.03
11.36
8.72
8.21
10.56
11.61
13.28
15.04
16.94
13.07
13.44
13.92
14.2
15.93
16.31
12.19
11.44
10.5
6.1
10.35
12.95
12.37
11.29
11.03
11.32
14.69
12.21
10.63
11.46
14.31
16.76
15.51
15.18
13.06
12.84
14.97
14.46
15.57
15.07
16.77
14.86
15.74
17.39
19.32
20.27
18.98
21.35
20.92
20.61
19.51
18.62
19.95
21.83
16.82
16.98
16.58
16.51
19.93
20.82
23.79
21.66
19.12
17.59
18.22
21.63
22.24
23.35
21.85
21.01
20.68
21.04
21.33
21.78
24.06
24.43
24.66
25.17
24.58
22.87
23.04
23.7
24.46
25.04
25.47
25.31
23.68
24.3
24.46
25.15
25.73
26.33
26.78
25.14
25.24
27.16
27.49
27.14
27.55
27.85
28.08
28.41
28.63
29.02
29.8
30.4
30.63
30.97
31.29
31.3
31.83
31.15
28.39
29.87
30.79
31.19
31.56
30.86
29.34
27.9
27.96
28.48
30.14
31.77
32.19
32.75
33.45
33.31
33.83
32.33
29.65
28.44
28.68
29.66
30.18
29.03
29.59
30.52
31.75
29.55
27.03
28.35
28.28
27.98
27.59
28.52
28.98
28.37
28.83
28.65
28.19
29.03
28.9
29.13
29.56
28.44
28.2
27.32
27.97
28.58
29.61
30.35
28.81
27.84
27.83
26.98
27.63
27.77
29.06
30.15
30.63
27.89
27.33
26.4
26.06
25.33
25.55
26.71
24.82
25.66
26.19
27.41
28.01
28.36
28.95
27.73
26.48
25.25
24.7
23.75
24.4
23.95
23.46
23.95
23.83
24
24.39
22.66
20.56
19.16
19.41
21.17
21.92
21.65
19.56
20.43
22.22
18.84
18.15
18.42
18.1
19.02
16.98
18.75
15.83
15.15
14.7
15.75
16.96
17.01
16.49
16.13
15.4
14.5
16.53
17.85
17.66
15.81
13.9
13.7
15.23
14.47
13.85
13.77
15.8
13.35
13.1
13.46
14.01
14.34
14.51
14.8
15.71
15.99
16.15
16.89
16.14
16.07
15.44
15.96
16.22
15.37
12.24
10.66
10.11
10.91
12.99
13.29
12.09
11.63
10.71
9.64
9.24
9.44
10.88
10.97
9.11
7.94
7.81
6.15
4.49
4.06
5.19
4.94
5
2.44
1
1.16
3.71
6.67
6.45
3.47
2.86
3.99
4.64
4.38
3.72
4.99
7.22
8.53
4.65
3.5
3.18
2.73
2.13
1.96
2.61
2.7
1.6
1.55
1.65
1.39
1.18
1.31
0.29
-0.49
-0.84
-1.06
-0.37
0.15
0.93
4.65
5.72
6.12
6.05
6.54
6.76
7.2
7.73
7.85
8.94
6.83
5
4.51
8.11
4.18
2.06
2.27
2.3
2.4
2.94
3.43
4.22
6.51
4.02
4.18
4.05
1.78
1.27
1.77
3.24
5.54
2.63
2.08
2.43
3.59
5.28
6.38
6.81
6.68
3.75
4.5
4.29
4.75
4.05
6.37
6.58
5.51
6.12
6.65
3.95
8.89
10.12
10.36
9.96
10.68
9.83
9.51
9.12
9.55
9.4
9.97
10.15
9.53
9.96
11.17
6.58
4.45
6.77
9.43
11.25
11.07
10.02
9.97
10.08
11.13
12.61
14.97
16.41
16.71
14.23
16.27
17.83
18.6
15.27
13.84
13.71
15.28
17.24
17.86
17.31
17.45
17.74
17.72
15.33
14.22
14.74
14.94
17.01
17.71
18.85
17.67
17.08
15.8
15.54
15.49
18.14
19.33
17.77
17.93
16.96
17.26
19.67
20.28
20.96
18.77
17.04
18.06
19.79
20.91
18.84
16.53
18.07
19.98
20.84
21.33
21.31
22.3
22.46
23.28
23.77
23.89
24.04
24.57
25.15
28.18
26.27
26.42
27.22
27.26
27.08
28.28
27.53
28.21
28.68
27.71
28.88
28.37
27
28.05
28.26
28.68
25.03
24.94
26.8
26.52
27.69
28.5
28.86
28.41
29.37
29.65
30.38
29.75
30.17
28.84
27.16
27.79
27.36
27.2
27.1
25.53
25.76
27.01
27.71
27.25
26
25.74
26.29
27.79
25.45
28.31
28.73
28.9
29.31
29.78
29.72
30.56
29.8
29.85
29.54
29.81
29.96
30.04
28.81
27.88
28.07
28.21
28.24
29.11
29.87
29.6
29.72
29.95
30.4
30.38
30.87
30.84
30.79
30.94
31.23
31.55
31.67
32
32
31.87
31.41
31.37
30.9
31.81
31.95
32.32
32.37
29.42
27.72
27.63
27.62
27.77
28.89
29.57
29.84
28.32
27.51
25.3
23.46
23.74
25.91
26.25
25.2
25.54
27.15
27.52
26.59
26.76
27.15
26.98
27.2
26.92
26.82
26.82
26.37
25.92
25.9
25.63
26.27
25.48
23.93
21.41
21.46
21.65
21.85
21.36
20.63
19.18
17.72
17.83
18.49
19.56
19.72
19.72
20.14
19.65
19.64
19.58
17.8
18.3
18.34
18.12
18.78
19.92
18.96
18.82
18.57
18.9
18.46
17.82
17.32
16.39
15.07
14.04
14.61
15.57
15.41
15.24
14.88
13.91
12.42
11.57
12.58
13.85
15.09
15.5
16.2
16.18
13.28
11.77
12.39
12.18
11.6
10.7
10.42
12.22
14.94
16.21
13.54
15.75
11.66
8.69
8.53
9.38
11.21
8.4
7.34
7.79
8.63
9.34
7.4
6.16
6.07
7.35
7.28
7.61
8.2
5.45
4.51
5.45
7.09
7.13
6.91
6.32
6.31
8.55
8.94
7.45
6.44
6.91
5.29
3.67
3.58
4.61
7.54
10.32
8.47
4.89
2.8
4.37
5.19
4.67
5.75
6.58
5.39
4.72
4.03
1.85
1
0.77
2.31
3.84
4.84
5.23
5.69
4.68
3.77
1.89
3.34
3.77
4.31
4.53
4.27
4.92
6.22
7.75
6.51
6.58
3.19
2.67
2.5
2.39
2.18
2.26
3.18
3.08
1.05
0.26
0.42
2.43
4.31
5.13
7.15
8.8
11.96
12.05
13.22
14.09
12.02
9.31
11.91
13.53
9.05
9.16
13.32
11.41
9.8
10.5
11.24
12.13
9.72
8.55
9.55
11.05
10.3
10.15
10.61
12.45
12.61
10.66
9.9
12.34
15.78
16.43
15.96
17.09
16.95
17.53
16.07
14.67
16.3
14.99
12.2
11.72
11.6
11.1
11.86
13.95
15.37
18.9
16.24
14.23
16.68
20.26
21.61
22.51
22.58
20.63
19.61
19.95
21.35
17.18
17.75
18.15
22.38
23.99
19
17.68
22.37
18.64
15.68
17.57
16.95
15.47
16.54
17.45
19.36
13.84
13.06
15.04
16.52
17.73
18.68
21.83
23.4
24.47
22.81
20.54
21.38
19.58
18.89
18.82
19.58
19.97
21.18
22.34
20.28
22.46
24.71
23.97
23.26
22.34
22.44
23.77
26.33
26.79
25.94
26.35
26.91
26.86
27.28
27.38
27.64
28.43
29.05
29.27
29.4
29.15
29.27
29.6
30.16
29.91
28.96
29.39
31.93
31.28
31.09
31.35
30.76
30.75
31.01
32.17
32.73
33.17
33.8
33.18
33.47
29.64
33.38
33.21
33.67
33.45
33.71
34.08
34.65
35.77
35.49
35.81
35.14
33.83
32
31.78
32.73
33.41
33.62
34.16
34.25
32.84
35.58
35.22
35.5
36.22
34.36
34.83
36.74
36.66
35.56
36.08
36.93
37.23
37.53
38
38.29
38.46
38.39
35.17
37.56
37.52
34.6
27.5
29.72
28.76
29.79
29.84
30.25
30.24
31.13
30.83
31.87
29.68
32
33.24
30.95
31.52
31.03
31.65
31.68
30.86
30.38
30.91
31.3
31.08
31.85
29.8
28.15
27.89
27
27.92
27.6
27.88
28.67
28.54
30.04
29.76
25.1
21.76
23.77
24.76
23.77
23.44
24.15
21.22
20.73
22.39
22.36
22.2
23.13
23.61
24.19
22.82
22.25
22.03
22.33
22.8
21.98
26.23
24.2
22.29
19.22
20.76
20.52
20.91
19.55
20
20.79
21.28
21.97
17.39
14.34
14.1
14.21
13.46
19.14
18.68
19.09
18.74
14.48
14.19
13.18
14.07
14.36
15.56
14.82
11.14
11.18
11.85
15.04
17.38
15.63
12.27
11.47
11.12
11.61
13.47
14.06
14.67
11.77
9.85
10.01
14.06
11.21
9.88
10.05
10.76
10.8
12.13
11.47
7.21
7.07
7.4
7.26
8.15
7.83
9.51
7.93
5.34
3.52
2.96
4.11
4.43
4.55
4.24
5.55
7.33
11.17
8.61
6.72
6.23
7.1
8.74
7.55
6.32
5.83
4.86
3.94
4.31
6.1
5.46
5.15
5.95
7.2
6.94
6.4
4.95
4.34
5.52
5.56
6.45
6.96
7.25
6.1
6.21
5.72
2.46
2.7
4.18
4.53
9.16
6.53
3.68
5.08
5.59
4.46
6.2
6.61
6.51
7.54
6.76
6.77
5.96
5.14
6.83
10.59
9.55
9.38
12.32
8.47
6.9
7.21
8.4
6.32
4.91
5.43
2.45
1.69
2.53
3.76
7.67
8.27
8.71
8.31
8.21
7.77
7.07
8.58
9.56
7.96
7.29
8.51
9.97
11.54
11.53
10.75
11.31
9.76
9.59
10.96
12.01
14.04
10.93
9.66
9.24
10.01
12.45
14.17
16.34
17.54
17.66
18.01
17.54
15.91
15.26
14.81
13.75
14.61
16.46
17.96
18.47
18.41
18.71
20.06
20.63
21.77
22.15
22.34
18.71
18.3
18.1
18.59
18.44
18.01
18.93
20.2
20.28
19.18
19.42
20.49
19.96
19.27
19.71
20.42
20.78
19.42
19.09
18.44
18.66
19.85
22.29
22.49
23.34
22.92
22.57
23.28
23.66
24.1
25.18
24.63
25.39
25.51
22.82
22.5
22.79
23.17
20.28
20.61
22.04
22.17
23.05
23.92
24.05
24.16
24.44
21.98
23.82
24.47
24.87
26.08
27.05
26.47
25.56
26.76
27.43
26.72
25.92
23.72
25.14
26.98
27.78
27.45
24.68
24.11
25.25
25.84
26.74
27.75
26.72
25.6
27.31
27.59
27.92
27.75
27.87
27.76
27.71
26.79
28.45
28.91
29.24
29.84
30.69
31.14
30.74
31.6
32.14
31.85
31.58
32.65
33.18
33.59
33.93
33.24
32.18
30.05
29.53
30.64
30.36
30.97
31.76
31.76
32.24
32.94
33.86
35.02
35.75
35.89
36.08
35.94
35.87
36.33
35.87
35.48
35.91
36.66
37.35
37.64
38.57
38.61
38.59
38.59
38.35
38.24
35.73
34.3
34.08
33.69
33.19
35.17
34.67
32.44
34.74
30.8
29
26.49
26.61
27.43
27.86
27.2
26.2
26.87
28.49
28.05
28.86
29.01
27.79
28.1
29.31
29.89
30.24
30.86
31.05
31.42
31.57
30.73
27.91
27.76
28.22
27.96
29.52
25.54
22.5
22.46
23.11
25.14
25.71
24.89
26.62
27.69
28.01
27.37
27.41
29.01
26.24
24.04
24.19
23.74
23.06
22.11
21.88
21.16
20.19
18.79
15.76
15.31
14.87
16.61
17.07
19.04
21.05
21.08
19.73
19.2
19.58
20.28
17.55
16.85
17.93
21.29
21.48
21.62
21.23
19.55
15.96
14.66
14.33
14.53
15.57
16.74
17.24
18.13
17.89
16.72
16.66
15.85
16.01
16.82
19.22
19.56
16.12
11.56
10.88
10.72
10.78
11.42
10.75
11.82
14.02
14.37
14.17
15.6
13.17
10.37
11.48
10.71
9.69
9.69
11.48
12.82
14.91
14.48
16.65
14.45
12.29
13.04
12.59
12.71
10.78
7.46
6.26
6.43
8.69
9.87
9.6
9.84
8.74
8.36
9.89
7.32
5.78
6.77
7.73
6.16
4.23
2.06
2.19
2.71
1.84
1.54
3.64
2.96
3.14
2.81
2.67
4.54
3.79
3.05
4.71
7.33
9.4
9.45
6.77
2.21
2.03
1.25
1.62
3.63
4.1
5.58
6.48
5.31
4.64
6.78
7.47
5.89
5.78
8.77
12.62
13.34
7.92
6.19
5.32
6.29
7.1
9.78
9.55
10.31
11.53
9.16
7.25
9.48
8.46
6.53
7.23
7.91
6.92
6.43
7.18
9.29
7.83
5.45
4.83
3.89
4.49
5.9
5.71
5.67
5.21
4.76
4.51
5.21
6.61
9.91
7.51
6.88
8.31
9.71
11.53
7.93
7.18
8.09
9.28
10.71
12.75
15.1
11.21
11.26
10.2
11.63
10.58
9.85
9.21
7.86
6.64
8.07
9.51
12.52
14.61
16.78
16.83
15.55
9.24
7.81
9.07
10.7
13.88
14.65
17.82
18.28
8.55
9.86
12.5
14.01
16.1
19.31
16.03
17.34
11.51
10.59
12.4
14.51
15.81
10.5
10.77
13.27
14.87
15.78
17.34
19.21
20
20.61
10.97
10.96
10.97
12.61
16.1
19.36
19.5
19.05
19.67
19.09
18.23
19.55
21.65
19.85
19.47
21.37
24.44
23.81
22.81
18.95
21.76
22.61
23.22
22.46
23.46
23.81
23.52
22.73
22.99
25.03
24.84
23.05
23.46
25.23
25.62
24.33
24.46
23.36
26.02
26.74
26.85
27.42
29.26
29.25
27.53
28.86
27.6
28
26.47
27.98
28.54
29.14
29.58
29.51
29.95
31.27
32.52
32.3
31.16
30.06
28.53
28.2
29.41
29.81
29.63
30.98
32.05
32.54
33.37
33.27
33.38
31.37
31.83
25.16
23.6
26.43
27.52
28.54
29
29.2
29.13
29.3
30.2
28.95
28.43
26.51
27.74
27.89
27.69
28.65
30
30.05
29.59
29.4
30.14
30.84
31.59
32.05
30.69
30.03
29.14
30.01
31.1
28.13
27.95
27.01
26.8
26.71
26.27
26.35
27.1
27.47
28.25
29.01
29.3
29.87
29.67
28.42
28.81
29.82
30.46
30.77
30.41
30.61
29.4
29.75
30.28
30.55
30.96
30.88
30.32
30.11
29.84
29.7
28.69
26.57
27.07
28.47
27.3
26.96
26.76
24.44
23.03
23.43
23.73
24.65
25.11
26.26
26.5
23.66
21.6
21.63
22.5
24.02
24.99
24.98
20.54
18.28
18.57
18.54
19.48
20.26
22.14
22.44
21.92
20.97
19.18
16.71
16.01
14.79
13.59
14.01
14.79
14.47
15.44
15.2
13.98
14.65
16.34
16.37
19.04
19.96
18.22
15.54
14.09
12.16
13.71
15.53
13.57
12
11.51
12.88
14.11
14.57
11.07
7.64
7.43
10.42
14.11
15.97
13.01
12.31
11.6
12.94
6.93
6.21
4.15
4.02
5.34
4.04
4.42
5.09
7.13
8.47
8.94
9.74
8.35
4.48
3.15
3.19
3.37
2.99
2.14
2.08
1.69
4.6
4.73
3.88
5.02
5.52
5.94
9.05
7
3.99
3.45
1.57
2.92
3.14
2.99
3.64
4.84
3.84
1.96
2.38
3.71
2
1.88
3.94
1.91
-0.16
0
1.08
2.59
4.9
4.42
5.46
6.32
4.61
4.23
5.08
5.01
5.36
5.15
5.86
4.69
3.73
2.67
0.91
3.98
5.67
3.54
2.12
1.44
3.17
4.83
4.64
2.96
2.4
2.27
0.89
-0.15
-0.07
0.4
1.1
0.37
0.6
2.72
3.43
5.26
4.83
6.62
8.9
7.04
8.26
10.04
7.16
8.16
8.42
6.9
6.72
5.4
5.39
8.34
8.05
3.16
0.62
3.12
4.49
6.31
6.78
5.8
7.72
8.8
11.64
10.26
9.13
11.25
10.88
8.2
7.74
10
9.92
9.89
11.98
10.28
9.71
10.13
10.71
8.14
12.86
11.24
12.26
13.12
15.69
14.92
17.18
19.55
15.61
14.27
12.19
14.36
13.53
14.58
17.18
18.41
19.63
19.31
12.9
13.25
14.2
13.98
16.28
17.04
16.56
18.55
19.55
19.5
19.96
18.31
20.29
21.74
19.76
17.64
17.77
17.76
18.93
19.75
21.34
22.87
24.13
24.34
23.66
24.74
24.23
25.29
21.93
20.3
20.05
19.41
20.98
22.18
22.85
24.44
25.79
27.01
27.54
25.43
24.42
24.88
24.48
23.94
25.23
26.17
25.85
26.39
26.73
28.06
28.54
29.67
29.76
27.41
27.03
23.71
24.19
24.05
26
26.16
26.53
26.9
27.47
27.49
27.87
28.38
26.82
27.95
28.22
27.6
27.21
28.03
28.3
27.37
27.24
27.57
28.57
29.19
29.35
28.35
27.85
28.16
29.27
29.68
30.25
30.62
28.96
29.52
29.1
29.26
29.55
28.84
27.89
24.91
23.12
23.28
25.2
26.85
28.89
30.14
30.53
30.88
31.05
31.84
32.09
29.89
30.24
26.75
25.94
26.89
26.97
27.28
27.75
27.69
28.23
29.38
29.85
30.89
30.55
31.06
30.11
30.4
30.52
31.79
30.43
31.72
32.38
32.57
32.71
33.29
33.48
32.83
33.27
33.77
33.62
33.21
32.17
28.62
29.87
30.76
32.11
31.25
32.24
32.7
33.3
26.03
26.65
27.84
28.97
29.38
25.87
21.53
19.72
22.22
23.9
26.48
27.17
26.11
26.58
27.35
27.34
26.07
25.12
25.49
25.23
25.35
25.88
25.73
26.6
26.54
28.13
27.67
23.72
22.23
23.39
23.62
24.73
24.99
25.73
23.41
17.93
19.26
17.69
16.23
17.44
17.92
18.86
18.58
18.3
20.31
21.14
20.45
21.15
20.99
21.87
21.68
21.76
19.84
18
17.9
16.6
14.18
14.45
15.97
13.83
13.03
12.47
11.71
12.74
11.71
14.21
9.99
5.56
5.3
5.38
6.03
5.46
4.42
3.47
5.54
6.93
10.8
12.88
12.72
8.69
7.64
7.31
6.46
7.91
10.7
11.85
5.26
5.15
6.21
9.18
12.27
10.47
9.32
10.61
9.18
8.35
10.04
10.24
11.98
13.34
9.62
6.83
5.64
6.46
7
6.81
7.16
8.72
7.01
6.07
4.87
7.83
4.77
3.74
3.46
2
0.58
0.91
2.45
3.67
1.23
0.07
1.37
0.46
-0.67
-0.75
-0.78
-0.03
1.32
1.09
0.94
3.04
3.21
4.13
4.45
5.7
6.05
5.29
4.67
4.88
5.03
6.05
6.15
8.31
8.85
8.69
6.96
6.56
6.19
2.89
3.93
3.96
3.23
4.18
6.93
8.56
9.64
9.28
8.18
6.56
7.02
8.5
7.34
4.58
4.6
4.83
4.54
5.46
7.45
4.5
1.8
3.44
5.5
3.88
1.02
1.89
2.27
2.9
5.54
3.91
2.88
3.59
5.93
8.32
8.49
10.15
11.18
12.05
11.04
11.74
12.85
13.39
13.35
13.02
12.36
11.66
12.02
14.71
15.19
16.66
15.7
12.71
12.23
14.47
15.93
16.24
19.65
19.34
20.92
18.67
15.96
14.06
17.26
20.55
20.44
20.88
18.33
17.66
19.93
17.45
14.58
17.71
18.01
19.2
19.82
18.45
16.95
17.94
17.83
17.15
18.38
19.91
19.96
16.09
14.93
17.15
18.83
19.76
20.52
20.47
21.65
20.15
20.26
20.55
20.5
19.98
21.11
20.13
19.35
18.04
21.26
22.83
22.34
23.56
24.67
22.61
20.6
20.33
18
18.71
19.39
20.34
21.52
22.43
23.11
23.03
22.31
21.58
22.83
25.16
26.12
27.06
27.94
28.54
28.31
28.86
29.48
29.9
29.84
30.26
26.16
27.16
26.66
26.81
25.04
26.25
28.55
29.05
28.01
28.45
29.29
29.72
30.19
30.23
30.35
29.73
30.33
30.75
31.41
30.51
28.87
29.7
29.6
29.13
26.77
25.86
26.31
27.71
28.46
28.82
29.51
30.1
29.94
29.65
29.94
30.36
30.69
30.88
28.49
28.47
30.13
30.19
30
29.77
29.7
29.52
29.35
29.86
29.44
28.89
27.86
27.28
27.39
29
29.92
30.16
29.68
29.78
28.84
29.56
28.22
27.34
26.08
26.6
26.49
27.08
27.74
24.22
23.01
25.76
28.14
28.02
28.57
29.38
30.28
29.86
27.98
29.43
30.07
29.65
29.77
29.84
29.98
30.13
30.27
31.37
31.87
31.67
29.09
28.33
27.25
26.87
26.6
25.76
26.07
27.89
28.67
28.77
25.86
22.37
25
26.49
25.99
25.64
26.08
25.16
24.87
25.03
24.97
25.4
23.05
21.69
21.42
21.76
20.33
21.22
22.42
23.1
21.59
20.88
22.41
22.56
21.41
21.73
22.79
21.3
19.95
19.66
19.65
21.17
22.54
21.16
21.61
18.96
16.99
16.12
17.5
16.77
15.9
14.52
15.36
15.12
16.22
17.37
17.99
19.01
16.03
14.71
13.63
13.37
14.47
16.53
12.73
11.92
11.21
12.36
14.15
14.89
11.2
10.52
11.15
8.99
6.63
7.53
9.3
13.54
14.69
5.77
4.02
4.95
6.29
5.46
5.56
6.43
6.54
6.54
7.07
6.67
7.45
8.68
9.5
9.36
13.78
12.66
9.47
8.87
6.31
4.94
4.54
5.21
8.29
8.88
7.89
9.97
7.8
7.88
10.93
3.81
2.1
1.86
4.46
4.83
3.7
2.91
3.12
3.19
2.64
4.11
6.37
4.94
3.57
2.66
3.09
3.97
4.35
5.49
5.96
4.56
3.29
1.95
2.9
3.24
2.99
1.93
3.08
4.6
6.4
4.37
4.3
5.51
6.62
7.98
8.96
8.4
7.97
4.38
3.99
4.63
6.85
5.98
4.72
4.13
5.46
7.43
7.61
7.04
8.67
9.13
8.93
8.58
11.03
13.79
15.41
12.97
11.26
8.18
7.49
6.79
6.7
9.02
11.86
11.91
12.17
9.8
11.29
10.67
12.18
11.99
14.07
14.56
13.88
14.28
13.41
14.32
14.96
15.15
14.43
13.34
13.53
11.85
9.94
9.51
10.43
13.74
17.18
14.18
13.23
16.13
13.93
13.88
16.09
18.37
16.52
14.37
14.9
16.35
18.46
19.2
19.58
18.67
18.49
16.55
19.67
17.12
16.14
16.75
16.82
17.64
18.91
18.02
18.76
19.66
20.11
20.57
20.95
20.4
19.92
22.46
21.47
20.98
20.28
19.3
20.91
19.06
17.38
18.57
20.47
21.29
21.71
21.48
20.66
22.38
24.14
25.25
24.18
22.9
20.97
19.08
20.19
19.36
17.89
17.04
20.63
22.64
24.09
22.94
25.52
27.08
26.23
24.75
25.39
27.05
26.38
25.88
24.47
24.45
24.04
25.44
25.34
25.58
26.29
27.12
27.08
27.87
28.18
25.81
26.24
27.84
30.09
30.65
30.78
29.71
29.55
29.32
29.58
30.19
30.75
30.3
29.87
29.78
29.25
29.53
29
30.71
30.38
31.98
32.45
32.75
33.13
33.91
34.05
31.52
30.57
30.75
30.8
31.95
33.01
31.51
29.11
30.84
30.92
31.54
31.75
32.41
32.99
33.29
33.4
33.91
33.86
30.89
31.38
31.95
29.4
30.75
31.92
32.72
32.91
33.11
32.87
32.96
32.98
33.31
32.64
33.93
34.44
34.68
33.35
32.65
31.25
31.92
31.54
32.35
31.12
30.14
27.61
26.61
26.05
27.78
29.32
30.65
30.92
30.82
30.89
31.85
32.59
31.21
29.14
27.08
26.73
28.11
30.11
30.8
31.47
32.13
31.65
27.59
25.46
26.84
28.55
26.69
26.22
26.82
26.14
26.05
28.16
28.6
28.21
27.09
26.62
27.04
24.79
23.23
22.25
22.71
21.74
21.41
21.77
22.1
22.11
22.97
24.64
25.31
21.34
20.02
20.13
20.31
20.57
21.3
18.57
20.13
22.37
23.61
24.33
23.77
23.73
21.44
19.11
18.93
19.55
20.54
21.44
21.95
22.08
22.29
22.13
21.5
21.28
22.32
22.93
20.61
19.2
19.82
18.51
18.61
18.3
17.22
15.43
16.31
14.74
14.23
14.74
14.9
15.23
15.98
13.66
10.04
9.39
10.93
14.67
12.78
11.39
11.04
10.02
12.26
13.22
11.1
9.21
8.42
9.15
9.57
9.48
7.69
7.97
5.96
3.65
2.76
4.31
8.07
6.34
5.53
3.93
2.27
6.51
4.91
-0.11
-0.49
0.87
3.11
3.34
4.4
6.15
11.89
10.09
7.19
8.32
6.83
4.97
6.72
7.37
10.86
6.75
3.94
1.94
1.63
1.45
1.26
3.07
7.49
8.15
7.7
4.8
3.89
4.48
6.39
6.36
7.74
9.32
8.71
7.97
8.69
7.17
8.23
6.89
4.43
3.77
4.02
5.64
6.99
7.64
7.47
4.74
4.85
4.84
6.4
10.78
11.08
8.23
6.53
9.26
13.29
11.84
9.8
7.17
7.12
7.86
9.48
11.83
13.21
13.61
12.5
12.33
14.06
9.99
7.16
7.74
11.73
14.48
10.77
9.42
9.54
9.12
11.62
15.45
12.14
11.4
15.27
15.2
12.05
9.57
10.62
10.31
11.02
13.17
17.34
18.49
19.93
20.8
21.18
19.44
20.2
20.64
16.44
15.79
16.93
15.62
14.74
14.85
15.53
15.16
15.52
18.1
17.5
15.25
15.73
16.08
18.17
19.75
19.68
18.6
19.33
18.57
20.14
21.46
20.46
19.05
20.55
21.35
20.99
18.44
14.99
16.79
17.37
19.71
15.96
15.71
19.87
16.82
13.27
15.3
18.97
17.49
17.06
18.79
20.71
21.99
22.86
24.06
23
23.26
22.05
22.76
24.05
25.95
23.76
23.44
23.58
20.87
21.98
22.06
21.69
20.66
21.13
22.18
26.03
27.12
26.41
25.71
25.04
25.82
25.47
23.25
24.13
25.35
26.89
27.25
26.61
25.29
25.85
27.24
27.86
28.55
29
29.26
30.76
31.45
31.48
28.16
29.48
30.81
30.97
31.25
32.07
29.98
29.81
30.33
31.59
32.21
32.38
30.19
29.28
28.61
28.87
27.95
29.99
31.04
31.49
29.97
30.28
30.66
31.42
31.74
31.97
32.21
31.61
31.04
30.98
31.27
31.79
32.16
32.57
32.92
32.56
31.71
32.38
33.01
32.19
32.84
32.88
31.8
30.96
28.4
28.66
29.15
28.71
29.37
28.84
27.98
27.76
28.29
28.55
28.87
26.65
27.34
28.61
29.25
29.6
29.69
30.19
30.79
29.93
29.73
29.59
27.7
27.54
27.11
27.77
28.24
28.2
26.92
26.63
26.9
26.54
27.01
27.63
28.2
26.48
25.02
24.66
24.71
24.79
24.84
24.84
24.17
24.49
25.36
26.71
27.36
27.58
25.94
27.21
27.85
28.55
27.76
26.97
26.58
25.98
24.62
22.43
21.49
22.58
22.93
22.95
23.15
24.42
24.73
25.22
25.04
24.04
21.64
22.17
18.73
18.14
19.71
22.46
23.77
20.07
18.01
17.3
17.69
18.09
19.29
20.81
18.41
16.7
15.17
14.98
15.75
12.58
10.9
12.48
12.94
11.31
12.91
15.24
15.02
15.69
17.59
14.46
12.71
11.2
10.97
11.58
12.98
13.93
14.04
15.72
16.28
13.78
17.22
15.12
11.94
11.17
11.58
10.02
10.58
11.98
12.36
11.72
12.69
14.09
13.5
12.41
12.46
12.99
13.54
15.35
12.63
10.64
9.1
7.35
7.79
8.15
8.74
8.88
6.07
7.67
7.05
8.72
9.2
10.64
12.82
12.79
10.94
8.36
6.57
6.2
4.93
4.02
3.34
3.85
4.65
4.16
2.52
1.12
0.48
0.17
0.36
1.09
2.42
4.93
5.15
4.96
6.04
5.78
2.78
2.59
3.03
2.62
1.03
-2.57
0.46
3.65
9.52
10.55
5.45
3.54
4.03
2.69
6.62
7.36
6.14
5.61
4.83
6.36
6.73
5.82
5.54
5.26
3.45
2.76
3
3.48
5.36
4.81
3.38
2.73
4.14
6.5
9.69
9.36
8.33
10.02
13.89
7.55
0.9
1.7
3.55
6.5
5.99
6
7.89
10.57
10.85
9.47
10.42
11.59
11.86
9.23
8.2
8.37
10.14
12.03
11.82
9.8
9.21
9.36
10.75
13.01
12.14
11.96
11.8
11.08
11.82
14.5
16.17
17.26
14.46
16.31
11.87
11.78
12.29
9.63
14.44
12.91
10.7
13.44
11.86
12.16
13.17
10.28
9.42
11.3
12.77
14.15
16.64
18.31
14.85
13.08
13.75
16.65
16.2
16.77
16.4
14.82
14.17
16.08
17.65
16.39
15.93
17.17
17.63
18.26
18.78
19.56
20.85
21.4
21.13
21.19
22.02
23.22
23.07
23.66
23.54
23.44
24.37
24.92
25.86
24.56
24.58
25.14
25.55
26.42
24.88
24.68
25.67
26.57
27.21
25.99
26.61
27.54
27.65
27.81
28.35
28.44
29.11
29.26
27.87
26.51
26.99
28.09
26.54
26.24
27.7
27.96
28.64
27.92
28.09
28.48
28.57
28.68
28.69
28.72
28.23
27.74
27.59
27.13
26.61
26.75
25.74
27.44
28.28
28.79
28.93
28.69
27.97
29.12
30.1
30.13
30.36
30.99
30.93
30.79
30.54
30.95
31.37
31.73
31.64
31.84
31.92
31.97
32.18
31.36
31.36
32.09
32.38
32.4
31.19
30.88
31.27
30.99
31.13
31.63
31.96
29.98
29.28
28.83
29.12
29.33
29.16
29.63
30.17
30.46
29.46
28.97
29.54
29.81
28.91
28.17
28.17
29.07
29.5
30.16
30.43
29.62
28.54
27.96
28.31
28.89
29.68
30.11
30.34
30.6
31.03
31.19
31.35
31.07
30.77
30.46
29.79
28.26
28.56
28.6
27.89
27.03
26.02
25.05
25.74
26.33
26.45
26.67
26.86
27.21
27.53
27.79
27.75
27.77
25.96
23.75
23.85
24.49
24.92
22.96
21.28
22
22.68
23.75
24.53
24.72
25.24
25.67
25.79
25.52
24.1
24.57
23.87
22.39
20.6
19.89
19.14
18.68
16.34
15.72
15.96
16.82
16.91
16.79
16.25
15.87
16.6
15.89
15.81
15.89
16.24
16.54
16.62
18.03
16.57
15.24
14.62
14.28
14.1
14.32
14.53
14.89
14.05
12.68
10.84
11.05
9.89
7.59
6.66
7.31
8.85
9.4
8.52
7.56
8.04
7.93
8.2
10.15
9.81
9.59
7.45
7.11
7.59
8.57
9.76
10.54
9.14
8.32
6.99
5.86
7.27
7.03
5.91
5.82
5.29
5.26
6.9
7.59
6.18
5.45
5.69
6.08
6.81
7.34
7.34
6.44
6.49
6.57
5.96
6.5
9.22
9.13
6.03
4.66
4.1
5.1
4.2
2.96
2.52
3.1
4.19
5.51
8.46
7.4
6.14
5.48
5.84
5.74
4.34
4.66
4.7
5.62
6.35
6.1
5.22
3.15
3.71
5.59
3.57
3.53
3.03
3.15
4.25
4.51
3.17
2.85
2.93
5.54
7.61
9.64
10.19
9.12
8.22
6.22
3.97
3.9
4.38
5.61
6.39
5.74
7.28
7.1
4.8
5.1
4.39
3.77
4.41
5.39
6.22
7.29
6.73
6.69
6.8
5.32
3.15
3.4
3.65
3.11
1.99
2.17
2.96
4.62
6.27
8.13
7.34
7.34
9.19
11.21
10.19
8.85
8.64
9.45
10.34
10.58
11.5
11.39
11.89
13.08
14.81
13.7
13.43
13.58
14.47
14.8
12.73
10.89
11.28
11.71
12.56
13.96
14.84
15.8
16.52
17.21
17.41
18.05
17.03
14.68
12.6
11.8
13.98
15.58
16.94
17.53
16.26
16.1
17.5
17.91
17.99
17.32
17.86
18.27
19.12
19.43
19.61
19.54
18.77
18.65
18.52
18.32
18.77
20.73
21.26
20.66
19.43
17.93
17.36
17.96
19.16
20.85
21.92
22.7
22.85
22.14
21.9
21.84
21.91
21.72
23.26
24.17
24.28
24.74
25.03
24.82
23.22
23.15
24.09
24.55
24.98
25.4
25.42
25.53
25.18
25.4
26.08
25.44
24.77
24.26
24.7
24.4
24.42
25.76
25.6
25.42
25.96
26.19
26.76
28.21
28.37
27.07
26.44
27
27.8
28.28
28.69
28.61
28.51
28.09
28.33
28.61
28.6
28.72
28.26
28.19
28.43
28.6
29.16
29.55
28.95
29
29.33
29.18
29.97
30.65
30.8
30.96
31.13
31.05
30.32
29.3
28.93
28.97
28.45
28.54
29.05
29.88
30.05
30.15
30.37
30.21
29.58
29.19
29.75
30.47
31.05
31.01
30.63
31.08
31.63
31.91
31.03
30.5
30.41
31.05
31.72
31.16
31.23
31.46
31.47
31.2
30.2
29.41
28.87
30.04
28.6
28.54
29.11
27.71
27.24
28.18
28.42
28.37
28.42
28.2
28.02
28.08
27.77
27.81
28.12
28.21
28.4
27.59
27.58
27.6
27.63
27.39
27.29
27.25
26.96
26.28
26.59
26.7
27.35
27.41
27.39
27.1
27.16
27.13
27.05
27.12
26.96
26.23
25.28
25.72
25.07
23.12
21.67
22.51
23.06
18.69
16.25
16.49
18.04
20.66
18.92
17.45
17.91
18.46
18.04
17.97
16.71
16.73
16.29
13.09
13.49
13.97
13.4
11.81
10.54
9.34
8.9
9.73
9.63
10.94
12.12
13.82
12.65
10.62
10.9
12.06
11.51
7.85
7.04
7.36
7.8
8.1
9.12
9.29
10.15
11.59
12.78
10.61
9.38
9.05
9.12
9.55
8.8
8.32
8.41
9.5
7.95
7.04
7.1
7.6
9.15
9.11
8
8.73
9.12
7.33
6.12
6.9
7.09
7.22
6.59
5.7
4.76
4.36
4.29
4.9
6.08
6.59
5.85
6.33
7.54
8.5
8.4
9.92
8.64
6.57
5.5
