20000101
20191231
29
29
29.3
29.2
29.1
29
29.1
29.2
29.3
29.3
29.3
29.2
29.2
29.2
29.3
29.4
29.4
29.2
29.2
29.2
29.2
29.2
29.1
29
29
29
29.1
29.2
29.4
29.5
29.6
29.7
29.6
29.4
29.6
29.7
29.7
29.7
29.6
29.5
29.7
29.5
29.5
29.7
29.5
29.5
29.5
29.6
30
30.3
30.1
30.1
30
30.3
30.3
30.3
30.3
30.3
30.2
30.1
30.1
30.2
30.3
30.2
30.4
30.4
30.6
30.7
30.7
30.6
30.5
30.3
30.4
30.4
30.4
30.4
30.4
30.6
30.6
30.5
30.4
30.5
30.6
30.6
30.6
30.6
30.6
30.5
30.6
30.6
30.6
30.5
30.4
30.5
30.6
30.4
30.3
30.2
30.2
30
29.9
30
30.3
30.4
30.4
30.4
30.4
30.3
30.4
30.4
30.6
30.6
30.7
30.5
30.4
30.1
29.6
30.4
30.2
29.6
29.8
30.9
30.7
30.7
30.6
30.6
30.6
30.1
29.3
28.5
27.7
27.3
26.3
25
23.9
23.4
23.2
22.7
22.1
21.6
21.4
20.9
20.4
19.9
19
24
24.8
24.5
24
23.6
22.9
22.2
21.3
21.6
22.6
22.3
17.3
22.2
22
21.8
21.7
21.8
22.3
22.4
22.2
21.9
21.7
21.5
26.6
29.2
29.5
29.6
29.6
29.6
29.8
29.8
29.8
29.8
30.1
30.1
30
30
30
29.9
29.8
29.9
29.7
29.6
29.5
28.9
28.1
26.8
24.9
23.8
23.1
22
21.4
20.5
19.7
19.2
18.4
18
18.2
24.4
24.8
24.4
23.7
23
22.1
21.7
21.2
20.5
19.3
17.8
18
18.1
17.9
17.9
17.9
18.1
17.6
17.8
18
18
17.8
17.8
17.8
17.7
17.2
17.3
17.1
17
17
16.6
16.6
16.5
16.4
16.4
16.2
16.3
16.5
16.3
16.3
16.1
16.1
16.1
16.4
16.3
16.5
16.4
16.3
16.5
16.5
16.4
16.3
16.1
16.2
16.1
16
15.9
15.8
15.9
15.8
16.2
16.2
16.2
16.3
16.2
16.2
16.1
16.2
16.1
16.1
16.2
16.3
16.3
16
16.1
16
16.2
16.2
16.3
16.3
16.4
16.2
16.2
16.2
16.3
16.3
16.7
18.4
19.2
19.6
19.7
21.8
25.8
28.3
28.6
28.6
28.5
28.5
28.6
28.7
28.6
28.4
28.3
28.3
28.3
28.5
28.5
28.7
28.7
28.6
28.5
28.7
28.9
28.9
28.9
28.7
28.5
28.5
28.4
28.3
28.4
28.5
28.6
28.6
28.8
28.9
28.8
29
29
28.9
29
29
29
29.3
29.3
29.3
29.2
29.2
29.2
29.3
29.5
29.4
29.4
29.1
29.1
29
29
29.1
29.2
29.1
29.4
29.6
29.7
29.8
29.7
29.8
29.9
29.8
29.7
29.6
29.8
30
30.1
30.2
30.3
30.2
30
27.2
27.1
27.3
27.4
27.4
27.6
27.9
28.2
28.2
28.3
28.4
28.5
28.4
28.6
28.5
30
30
30
28.5
28.5
28.6
28.8
28.8
29.3
29.4
29.4
29.8
29.9
29.9
29.8
29.9
29.8
29.7
29.8
29.9
30.2
30.1
30.1
30.2
30.2
30.4
30.7
30.5
30.7
30.9
31.1
31.2
31
30.9
31.1
31.1
31.1
30.9
30.5
30.6
30.6
30.5
30.6
30.6
30.6
30.3
30.3
30.4
30.5
30.7
30.8
30.8
30.7
30.5
30.6
30.5
30.6
30.6
30.7
30.5
30.5
29.5
29.1
28.4
27.7
27.6
28.3
29.6
29.7
29.6
29.5
28.9
28.9
28.9
28.7
28.3
27.9
27.2
26.8
26.5
26.1
30.3
30.1
30
30.2
30.3
29.9
29.5
28.9
28.5
28.2
28
28.3
29.3
28.7
27.7
26.6
25.5
24.6
23.8
23
22.8
22.5
22
22.1
29
28.7
28.5
29.1
29.2
28.1
27.9
27.2
26.2
25.2
23.9
22.9
22
23.2
24.5
27.6
27.4
26.7
26
24.8
23.4
22.4
21.2
25.8
26.3
29.9
30.3
30.2
30.2
30.1
29.9
29.3
28.5
27.5
26
24.5
23
21.8
20.8
19.9
19.3
18.9
18.4
18.2
17.8
17.7
17.5
17.3
17.3
17.2
17.1
16.9
16.9
16.9
16.7
16.5
16.2
16.1
16.1
15.6
15.5
15.5
15.7
15.7
15.6
15.6
15.4
15.5
15.5
15.3
15.6
15.5
15.8
16
15.7
15.5
15.4
15.7
15.6
15.7
15.5
15.6
16
15.9
15.8
15.8
15.7
15.7
15.6
15.6
15.4
15.5
15.7
15.9
16
15.8
15.8
15.8
16.1
22.1
23.5
22.7
22
21.3
20.1
19.7
18.9
18.2
17.7
17.7
17.3
16.9
16.8
22.8
22.2
22.6
25.8
25
24
22.8
21.3
22
24.8
24.9
27.4
27.4
27.5
27.6
27.4
26.8
26
24.1
23.3
27
29
28.9
29.1
29.1
29
28.9
28.9
28.8
28.8
28.7
28.4
28.2
27.6
27
26.3
25.5
24.9
24.1
23.5
22.8
22.3
21.9
21.5
24.3
28.4
28.4
28.4
28.5
28.6
28.6
28.5
28.4
28.3
28.2
28.1
28.2
28
27.8
27.2
26.7
26.2
25.6
25.4
25.1
24.6
24.7
24.6
24.4
26.9
28.5
28.5
28.4
28.4
28.3
28.2
28
27.8
27.7
27.6
27.3
26.9
26.7
26.6
27.1
28
28.1
28.1
28.3
28.3
28.3
28.3
28.1
27.9
28.1
28.5
28.8
28.8
29
29.2
29.2
29.2
29.2
29.3
29.4
29.5
29.3
29.2
29.3
29.3
29.3
29.4
29.9
30.1
30
30
30
30
30
30.2
30.2
30.2
30.1
30.1
29.9
29.8
29.8
29.7
29.7
29.8
29.4
29.3
29.8
29.8
29.8
29.7
29.6
29.6
29.6
29.4
29.4
29.4
29.3
29.3
29.4
29.4
29.4
29.5
29.6
29.6
29.5
29.6
29.6
29.7
29.6
29.5
29.3
29.2
29.3
29.4
29.3
29.1
29.1
29.1
29.1
29.2
29.3
29.2
29.1
29.1
29
28.9
28.9
28.8
28.9
28.8
28.8
28.9
29
29.1
29.2
29.1
29.1
29.1
28.9
28.8
28.7
28.6
28.7
28.5
28.4
28.6
28.4
28.4
28.5
28.7
28.6
28.6
28.5
28.1
27.7
27.2
26.8
26.4
27.5
28.3
28.4
28.5
28.3
28.3
28.6
28.5
28.5
28.7
28.8
28.5
28.2
28.2
27.9
27.5
26.9
26.1
25.8
25.5
28.4
28.5
28.5
28.7
28.7
28.8
28.8
28.9
28.8
28.9
29
29
29.1
28.8
28.9
28.8
28.4
28.2
27.4
29.1
29.2
29.3
29.4
29.5
29.2
28
27.1
26.6
25.7
25
24
23.2
25.4
21.6
21.4
20.9
20.5
20.1
19.6
19.1
25.6
25.8
25.4
24.9
24.1
23.1
22.8
22.2
22.5
22.5
25.2
26.6
28.9
29.1
28.8
28.3
27.7
26.6
26.4
29.4
29.5
29.6
29.6
29.7
29.6
29.6
29.2
29.3
29.4
29
29.3
29.3
29.2
29
28.5
27.6
26.2
24.4
23.1
22.2
21.2
20.3
19.5
18.6
17.8
21.8
25.1
26.2
29.1
29.2
29.3
29.3
29.4
29.1
28.5
27.8
26.8
25.5
24
22.1
20.4
19.4
18.7
18.1
17.2
16.8
16.6
16.4
16.6
16.4
16.4
16.1
16.2
22.1
23.5
22.5
21.4
18.9
17
16.4
18
18
15.7
15.6
15.2
15.2
15.1
15.1
15
22
21.9
21.7
21.2
20.2
18.5
16.4
15.3
14.7
14.4
14.2
14
14
21.4
22.3
22.1
21.8
21.1
20.3
19.1
17.2
15.2
14.4
13.6
12.9
12.8
14.4
14.4
13.7
15.6
13.2
13.3
14
14.2
16
15.9
15.8
21.5
25.8
25.6
25.4
25
24.7
24.7
24.5
24.2
24
24.8
24.3
23.1
23.2
22.6
21.5
21.2
20.6
22.8
25.2
29
29.2
29.1
29.2
29.3
29.5
29.6
29.7
29.5
29.6
29.6
29.6
29.8
29.9
30
30
29.9
29.9
30.1
30.4
30.6
30.7
30.5
30.4
30.5
30.5
30.3
30.2
30.2
30.2
30.3
30.4
30.1
29.8
29.7
29.8
29.8
29.8
29.8
29.7
29.6
29.6
29.5
29.3
29.4
29.3
29.1
29.1
28.9
28.7
28.6
28.4
28.4
28.3
28.8
29.5
29.7
29.7
29.7
29.7
29.4
29.3
29.6
29.6
29.6
29.8
30
29.5
29.8
29.8
29.6
29.4
29.3
29.3
29.4
29.4
29.4
29.4
29.4
29.5
29.7
29.6
29.7
29.4
29.7
30
30
30
30
30
30.1
30
30
30
29.8
30
29.8
29.9
30
30
30.1
30.1
30
29.9
29.9
29.8
29.5
29.7
29.7
29.6
29.6
29.6
29.5
29.4
29.4
29.4
29.3
29
29
28.9
29.3
29.5
29.7
29.7
29.5
29.6
29.7
29.6
29.5
29.4
29.3
29.4
29.5
29.4
29.4
29.7
29.8
29.8
29.6
29.6
29.6
29.6
29.4
29.3
29.5
29.5
29.5
29.4
29.2
29.3
29.2
29
29.1
29.2
29.2
29.3
29.3
29.4
29.5
29.4
29.6
29.5
29.7
29.7
29.7
29.8
29.9
29.7
29.7
30
29.8
29.8
29.6
29.7
29.6
29.5
29.6
29.5
29.9
29.8
30.1
30
29.8
29.4
28.7
28
27.1
26.3
26.4
26.2
25.7
25.4
24.8
24
23.2
22.7
22.4
21.5
21
20.4
19.7
19.2
18.9
18.6
18.4
18.4
18.2
18.1
17.7
17.4
17.2
17.2
17.1
16.8
16.6
16.7
17.7
21.7
23.9
23.9
23.6
23.2
28.8
29
29.1
29
28.9
29
28.9
28.5
27.8
26.7
25.2
23
21.4
22.6
23
25.7
26.7
28.4
28.7
28.8
28.9
29
30
30.1
29.9
29.8
29.9
29.8
29.9
29.5
29.9
29.6
30.2
30.2
30.1
29.7
29.1
29.7
29.7
29.5
29.2
28.4
27.5
26.3
24.3
22.7
21.7
20.9
20.4
19.9
19.4
18.9
18.1
17.4
17
16.9
17.7
16.6
16.3
16.4
16.3
15.9
15.7
15.5
15.1
15
14.8
14.4
14.3
14.3
14.3
14.5
14.6
14.6
14.7
14.6
14.6
14.5
14.6
14.9
14.7
15
15.3
21.7
20
17.5
15.6
14.8
14.4
14.5
14.6
17.2
14.6
14.7
14.5
14.6
15.7
14.5
14.6
14.4
14.7
14.8
25.8
28.4
30
30.1
29.9
30
29.9
29.8
29.7
29.2
28.8
28
29.6
29.9
30.1
30.2
30.1
30.2
30
29.8
29.4
28.5
29.1
29.2
29.9
30
29.8
29.6
29.2
28.7
28.2
29.5
29.6
29.2
28.5
27.8
27.5
27
26.6
26.2
27.4
27.3
26.8
26.2
25.7
25
24.3
23.8
23.3
22.7
22.7
22.3
21.7
21.4
21
20.4
20.2
19.6
19.4
19.2
18.9
18.9
18.7
18.7
18.8
18.8
19
18.7
18.6
18.6
18.9
19.2
20.1
20.8
20.9
20.5
21.9
25.1
24.8
25.2
25.7
25.2
24.9
24.4
24
23.5
22.8
22.5
22.4
21.9
21.7
21.5
21.6
21.3
21.1
21
20.8
20.8
20.5
20.6
20.8
20.5
20
19.9
21.3
25.2
25.1
25
24.8
24.6
24.2
23.9
23.8
23.6
23.6
23.3
22.9
22.7
22.7
22.9
22.8
22.3
22.1
22.2
22.1
22.3
22.3
21.8
21.1
20.6
20.5
20.6
20.6
20.3
20.3
20.2
20.4
20.7
20.8
22.2
20.1
20.2
24.6
24.7
24.9
24.7
24.8
25
25.2
25.6
26
26.2
26.5
26.7
26.8
27.2
27.9
28
28.5
28.6
28.5
28.6
28.7
28.7
28.8
28.9
28.9
28.9
29
29
29.1
29.1
28.9
29
29
28.9
28.9
29.2
29
29.1
29.3
29.5
29.4
29.6
29.5
29.5
29.7
29.7
29.7
29.5
29.4
29.3
29.2
29.4
29.3
29.3
29.4
29.5
29.6
29.5
29.6
29.7
29.9
29.9
29.8
29.8
29.7
29.6
29.7
29.9
29.8
30.1
30.1
30.1
30
29.9
29.9
29.7
29.5
29.1
28.8
28.5
29.4
29.1
29
29
27.1
28.8
28.7
28.7
28.5
28.4
28.3
28.2
28.2
28.3
28.3
28.1
28.3
28.3
28.4
28.4
28.4
28.4
28.4
28.4
28.3
28.2
28.4
28.3
28.2
28.1
27.9
27.7
27.6
27.5
27.1
26.8
27.1
26.7
26.4
26.1
25.7
25.2
24.7
23.8
22.9
22
21.1
20.4
19.8
19.3
19.1
18.7
18.5
18.1
17.8
19.9
29.1
29.2
29.2
29.1
29.1
29.2
29.8
30.3
30.2
30.2
30.1
30
30.1
29.9
29.8
30.1
30.2
30
30
30.1
30.1
30
29.8
29.8
29.5
29.3
29.8
29.8
30
30.2
29.9
30
29.9
29.8
29.9
29.9
29.9
29.8
29.7
29.5
28.9
28.1
27.2
25.9
24.3
22.9
21.9
21.1
20.4
19.5
18.9
25.5
25
24.5
23.5
24.8
25.4
25.9
26.2
26.2
26.2
26.1
26
26
25.8
25.6
25.2
24.9
21.8
26.2
26.6
26.6
26.4
26.4
26.6
26.4
26.5
26.5
26.6
26.7
26.9
27.1
27.3
27.2
27.1
27
27
26.9
26.8
26.6
26.6
26.6
26.6
26.5
26.4
26.4
26.2
25.9
25.4
25
24.6
24.1
23.5
23
22.5
21.8
21
20.1
19.5
18.7
18.2
17.5
17.3
17.1
16.7
16.5
16.1
15.9
15.9
15.7
21.5
22.4
21.7
22.7
22.8
22.6
22.6
22.6
22.6
25.4
29.9
30
30
30
30
30
30.1
30
30.1
30
30.1
30.1
29.8
29.9
29.7
29.7
29.8
29.8
29.7
29.8
29.8
30.1
30.1
30.2
30.1
30
30.1
30.1
30.2
30.1
30.1
30.1
30
29.9
29.7
29.5
29.7
29.9
29.9
29.8
29.6
29.6
29.7
29.8
29.6
29.5
29.4
29.1
29.2
29.4
29.3
29.3
29.1
29.1
29
29.1
29.1
29.1
29
29.1
29.1
29.1
29
29.1
29
28.8
28.9
28.8
28.7
28.6
28.6
28.6
28.6
28.6
28.5
28.5
28.6
28.6
28.6
28.6
28.6
28.5
28.5
28.4
28.5
28.6
28.7
28.7
28.7
28.6
28.8
28.8
28.7
28.8
28.8
28.5
28.5
28.5
28.3
28.4
28.6
28.6
28.7
28.8
28.8
28.9
29
29.1
29
28.9
29.2
29.1
29
29.3
29.1
29.1
28.9
29
29.1
29.4
29.3
29.4
29.5
29.7
29.6
29.7
29.7
29.7
29.8
29.9
30
30
30
30
29.9
29.9
29.9
30
29.9
29.9
29.9
30
30
30.1
30.2
30.3
30.4
30.6
30.6
30.7
30.7
30.7
30.7
30.7
30.4
30.2
30.1
29.9
29.9
29.8
29.8
30
30
29.9
29.9
29.7
29.3
29.1
29
29
29.2
29.2
29.1
29
28.9
28.7
28.6
28.4
28.1
27.8
27.5
27.3
29.1
26.2
25.5
24.9
24.2
23.4
22.5
22.1
22.1
21.8
21.1
20.3
20
19.8
19.7
19.5
19.4
18.9
18.8
18.5
18.2
21.1
25.4
25.3
25
24.8
24.3
23.8
23
22.1
20.5
19.1
24.1
24.2
24
23.7
23.1
22
20.8
19
17.5
16.4
15.8
15.6
15.5
15.5
15.1
15.4
15.4
15.8
15.8
15.3
14.9
14.6
14.4
17.9
18.2
16.9
15.1
14.1
13.6
13.4
13.4
14.6
21.7
21.3
20.8
21.8
21.6
21.5
21.1
16.2
18.5
15.9
14.3
13.6
13.3
13.1
13.3
13.4
13.1
13.3
13.4
13.2
18.4
21.2
21
20.8
20
18.6
16.1
16.2
13.7
13.1
13.1
13
13
12.8
12.8
12.2
12.1
12.4
12
12.1
11.8
11.7
11.7
21.8
22.5
22.7
22.8
22.5
21.9
20.8
19.4
18
17
16.5
17.7
23.6
23.3
22.3
20.5
18
19.8
23
22.8
22.7
22.8
22.9
22.7
21.9
22.8
23
23.3
23.1
22.2
20.4
18.6
17.7
22.2
21.5
18.8
16
14.2
13.7
13.5
13.6
13.7
13.6
14
14.2
14.2
14.3
14.2
14.1
17.7
25.1
27
26.9
26.9
26.6
26.2
25.7
25
24.3
23.5
22.7
21.8
20.8
19.8
18.4
17.2
21.1
22.2
21.7
21.1
20.7
22.2
22.3
22.2
22.2
22.1
22
22
21.9
21.8
21.5
21.1
20.7
20.4
19.9
19.3
18.8
18.4
18
17.5
17
16.6
16.5
16.5
16.3
16.1
17.2
18.5
18.6
18.5
18.6
18.7
18.6
18.4
18.3
17.7
17.3
17.1
16.7
16.1
15.9
15.8
15.6
15.2
14.9
14.9
14.6
14.4
14.4
14.3
14.3
14.3
14.3
14.3
14.1
14.4
14.5
14.5
14.6
14.5
14.4
14.2
14.5
14.6
14.7
16.9
14.5
14.4
14.5
14.2
14.3
14.5
14.4
14.4
14.3
14.3
14.3
14.4
14.5
14.5
14.6
14.6
14.5
14.2
14.3
14.2
14.1
13.8
13.9
13.9
14.2
14.3
14.3
14.3
14.3
14.5
14.6
14.5
14.9
15
15.2
15
15
14.9
14.9
14.7
14.6
14.7
14.6
14.6
14.5
14.4
14.6
14.5
14.5
14.5
14.2
14.1
14.2
14.1
14.1
14
13.9
14
14.2
14.1
14.3
14.5
14.8
14.5
14.2
14
13.9
14.1
14.1
14.3
14.4
14.8
15.2
18.7
19.9
19.9
19.7
19.4
19
18.8
18.8
18.6
18.3
17.9
17.6
17.4
17
16.8
16.6
16.3
16.1
15.9
15.8
15.6
15.6
15.7
15.8
15.7
17.2
22.1
23.8
24.4
24.5
24.7
24.9
25.3
25.3
25.5
25.6
25.6
25.8
25.9
25.9
26.7
26.9
26.9
27
26.8
26.8
26.8
26.9
26.8
28.9
29
26.8
26.6
26.5
26.4
26.1
25.9
25.6
25.3
25.1
24.8
24.5
24.2
23.9
23.7
23.6
24.7
26.5
26.5
26.6
26.5
26.7
27
27.1
28.5
29
29.4
29.4
29.3
29.3
29.4
29.4
29.3
29.2
29.2
29.1
29
28.5
27.9
27
25.6
24.3
27.9
21.8
21
20.5
19.8
19.1
18.5
18.5
23
24.2
23.7
22.8
21.8
20.2
17.9
16.8
16.3
16.5
16.4
16
15.9
15.8
15.6
15.5
16.7
26
24.5
22.5
19.3
17.1
16.4
16.5
18.2
17.8
15.6
15.2
14.9
15.1
14.8
15.1
15
15
15.3
15.2
15.4
15.4
15.4
15.4
18.1
18
15.7
15.5
15.7
15.4
15.5
15.7
15.8
15.9
16.4
24.1
23.2
21.7
19.9
18
17.6
27.8
27.6
26.9
26.1
25
23.4
21.3
19.9
18.8
18.1
17.3
16.4
16.1
15.8
15.9
16.2
16
16.3
16.3
15.9
15.5
15.4
15.3
15.1
14.8
15
14.8
15.1
14.9
15.3
24.1
25.8
26.3
26.2
25.9
25.4
24.8
24.8
25
25.2
25.1
25.2
25.1
24.8
24.3
24.2
23.7
23
22
20.8
19.5
22.3
24.2
24.2
24.2
24.2
24.2
24.2
24
23.5
22.9
22
20.9
19.9
18.7
17.6
16.7
16.1
15.6
15.2
15.2
15
15.1
15
14.5
14.5
17.2
17
14.2
21.9
29.6
29.7
29.8
29.7
29.8
29.7
29.5
29.5
29.4
29.3
29.3
29.2
29.4
29.3
29.1
29.2
29.2
29.1
29
28.9
29
29.1
29.3
29.2
29.4
29.4
29.4
29.4
29.5
29.6
29.4
29.3
29.5
29.5
29.6
29.7
29.6
29.5
29.6
29.4
29.5
29.4
29.6
29.8
29.7
29.6
29.4
29.5
29.6
29.8
29.8
29.7
29.7
29.5
29.6
29.8
29.6
29.6
29.5
29.6
29.5
29.6
29.9
29.8
29.8
30
29.8
30.1
30.3
30.3
30.3
30.2
30.3
30.3
30.2
30.4
30.3
30.4
30.2
30.2
30.3
30.3
30.2
30.1
30.2
30.1
30.3
30.2
30
29.9
30
30.1
30
29.9
30
29.9
30
29.9
30
29.9
29.9
29.8
30.1
30.2
30.2
30.2
30.2
30.2
30.1
29.9
29.7
29.8
29.8
29.9
29.9
30.1
30.1
30.1
30.3
30.2
30.3
30.3
30.2
30
30.2
30.3
30.5
30.6
30.5
30.8
30.7
30.7
31
30.9
31
31.1
31
30.8
30.8
30.6
30.7
30.6
30.4
30.5
30.4
30.5
30.7
31.1
31
30.9
30.9
30.8
30.9
30.8
30.7
30.8
30.7
30.7
30.7
30.7
30.7
30.7
30.7
30.8
30.9
30.9
31
30.9
31.1
31.1
31.1
31
30.9
30.8
30.7
30.7
30.8
30.8
30.9
31
30.9
31
31.1
31.2
31.1
31.1
31.1
31.3
31.4
31.2
31.3
31.2
31.3
31.3
31.2
31.2
31
31.1
31.1
31.1
31.2
31.2
31.3
31.2
31.4
31.5
31.5
31.5
31.4
31.2
31.1
31
30.9
30.6
30.2
29.8
29.5
29.1
28.5
27.8
30
30.6
30.7
30.7
30.7
30.8
30.9
30.9
31.2
31.4
31.4
31.5
31.4
31.2
31
31
30.5
29.8
28.8
27.4
25.8
30.5
30.8
30.6
30.4
30
29.9
30.9
31.2
31.5
31.4
31.4
31.4
31.6
31.5
31.3
31.5
30.7
30.9
30.8
30.8
30.8
30.8
31.5
31.5
31.6
31.4
31.5
31.3
31.3
31.1
31.1
31.1
31
31
30.8
30.7
30.3
29.7
29.4
28.7
28.3
27.7
26.5
25.2
24.1
22.9
21.8
21
21.8
26.3
25.4
23.9
21.4
19.4
18.4
17.7
17.5
17.3
17
16.7
16.6
16.5
16.3
15.7
16.1
23.1
28.7
30.1
30.2
30.2
30.1
30
29.8
29.7
29.4
29
28.4
27.7
27
26.2
24.9
24
23.4
23.5
23.4
23
23.2
29.2
29.5
29.7
29.7
29.7
29.5
29.5
29.5
29.3
29
28.9
28.6
27.9
27.2
26.7
26
25.4
25.2
24.9
24.5
24.2
23.5
22.7
22.7
27.5
27.3
26.7
26.4
27
26.9
24.7
26.5
26.1
25.5
25.2
25.1
27.4
27.7
27.8
27.8
27.8
27.8
27.6
27.6
27.9
28.4
28.5
28.5
28.4
28.4
28.3
28.2
28.2
28.1
28.1
28
27.9
27.8
27.7
27.4
27.2
27
26.9
26.6
26.6
26.3
25.9
25.6
25.5
24.9
24.5
24.4
23.9
23.4
23.2
23.1
22.9
22.7
25.9
26.8
26.6
26.4
26.2
26.6
26.8
26.6
26.5
26.3
25.8
25.6
25.4
25.6
26.7
28.7
29.8
29.7
29.6
29.7
29.8
29.7
29.8
29.8
29.7
29.7
30
30.1
30.1
30.3
30.4
30.3
30.4
30.5
30.5
30.6
30.6
30.6
30.6
30.5
30.7
30.5
30.3
30.2
30.3
30.2
30.1
30.1
30.1
29.7
29.6
29.6
29.5
29.6
29.4
29.4
29.2
29.1
29.1
29
28.9
28.8
28.9
28.8
28.7
28.5
28.3
28.3
28.4
28.3
27.9
27.7
27.7
27.7
27.6
27.5
27.3
27.1
27.1
27
26.7
26.4
28
29.1
29.1
29
29.1
29.2
29.2
29.2
29.2
29.1
29
29.1
29.1
29.2
29.2
29.1
29.3
29.3
29.2
29.3
29.3
29.2
29.2
29.1
29.1
29.3
29.3
29.2
29.2
29.1
29
29.5
29.3
29.3
29.2
29.2
29.2
29.2
29.2
29.3
29.4
29.4
29.3
29.2
29
28.9
28.9
29.4
29.6
29.7
29.6
29.6
29.2
29.1
29.3
29.6
29.8
29.8
29.9
29.8
29.7
29.6
29.7
29.7
29.7
29.4
29.1
29.1
29.3
28.7
27.8
26.4
25.3
23.7
22
20.6
25.4
24.5
22.9
20.5
24.4
27.7
29.7
29.7
29.6
29.5
29.5
29.5
29.4
29.5
29.4
29.5
29.4
29.3
28.8
28.2
27.3
26.3
25.1
23.5
22.1
27
27.7
27.6
27.1
26
24.1
22.1
20.4
19.4
19
29.2
29
28.1
29.2
30
29.9
29.7
30
30.1
30.1
30
30.4
30.5
30.7
30.5
30.2
29.5
28.2
26.5
25
23.8
22.7
22.1
21.5
20.9
20.1
19.3
20.6
29.7
29.5
29.2
28.1
26.7
26.8
27.4
27
26.3
25.6
25.7
25
24.1
22.4
20.2
18.5
17.6
17.4
17
17.1
16.9
16.9
16.9
16.8
16.8
16.7
16
15.9
15.7
15.4
15.4
15.8
16
16
16.2
16.4
16.6
16.4
16.5
22.8
22.3
21.7
21
20
19.1
21.5
26.7
30.5
30.5
30.3
30.2
30.3
30.2
30.2
29.7
28.8
27.6
27.8
29.7
29.5
28.9
28.1
27.8
27
25.8
24.6
23.5
23.1
26.4
27.9
27.8
27.8
27.6
27.4
27.2
26.8
26.2
25.7
25
24.3
23.7
22.8
21.9
20.8
20.2
19.7
19.2
19
20.4
18.4
18.2
17.9
17.9
17.8
19.8
23.9
23.8
23.6
23.3
22.7
22.3
22.1
22.1
22.1
22
21.8
21.8
21.7
21.9
21.6
23
23.2
23.1
22.6
22.3
21.8
21.5
21.4
21.3
21
20.7
20.4
20.2
20.1
20.1
19.8
19.2
18.7
18.5
21.2
22.4
22.3
22
21.9
21.6
21.2
20.9
17.1
20.9
20.4
20
19.7
19.7
19.3
18.8
18.6
18.5
18.1
17.8
17.5
17.3
17.1
17
16.5
16.4
16.1
16.2
16.3
18.6
18.9
19.2
19.2
19.2
19.1
18.6
18.5
18.7
18.5
18.4
18.2
17.9
17.9
17.9
17.8
17.8
18.3
22
22.6
22.7
22.7
22.8
22.8
22.9
22.8
22.6
22.4
22.3
22.2
22.1
22.1
21.9
21.8
21.2
20.6
20.4
19.9
20.2
20
19.7
19.5
19.3
19.3
19.2
18.9
18.8
18.8
18.3
18.4
19.5
20.5
23.3
23.4
24
24.5
24.7
25.2
25.3
25.7
25.9
26.1
26.4
26.9
29.1
29
28.7
28.6
28.4
28.4
28.6
28.3
28.3
28.2
28
27.9
27.8
27.9
27.8
27.9
27.8
27.5
27.2
27.2
27.1
27.1
26.9
26.6
26.4
26.2
25.7
25.2
24.7
24.4
24.4
24.3
24.1
23.7
23.3
22.7
23.8
28
28.1
27.9
27.8
27.6
27.1
26.7
27.4
28.2
28.3
28.3
29.2
29
28.7
28.7
28.7
28.5
28.3
28.4
28.3
27.9
27.5
26.9
29.1
29.4
29.4
29.3
29.3
29.3
29.3
29.1
29
28.9
28.7
28.4
27.7
26.7
25.8
27.9
28.7
29.2
29.6
29.6
29.5
29.5
29.4
29.5
29.6
29.7
29.8
29.7
29.7
29.6
29.6
29.6
29.8
29.8
29.8
29.8
29.7
29.7
29.6
29.2
29
28.9
28.6
28.2
29.5
29.4
29.2
28.9
28.3
27.1
25.6
24.5
29
29.3
29.2
29.2
28.6
27.3
25.5
24.1
23.8
23.2
22.4
21.9
21.2
20.6
20.1
19.2
18.4
17.8
17.1
16.8
16.2
15.7
15.5
14.7
14.4
14.1
13.7
13.5
13.4
13.4
13.5
13.3
13.3
13.2
13.7
13.4
13.4
13.7
13.7
13.8
13.8
13.9
14
14
14.1
14.2
14.2
14.2
14.7
14.8
14.7
14.6
14.4
14.6
14.5
21.8
22.1
26.2
29.5
29.4
29.2
29.4
29.5
29.4
29.1
28.6
27.4
25.6
23.5
21.6
20.5
19.2
17.8
16.5
15.5
14.8
14.6
14.9
16.7
17
16.5
15.5
14.5
14.6
15.1
15.5
15.7
15.4
15.6
15.3
15.3
15.3
14.8
14.8
14.7
14.9
14.9
14.9
15
15.1
15.1
15.8
22.7
24.2
26.3
27
27.8
27.9
28
27.9
27.8
27.9
28.1
28
28.1
28
27.9
27.3
26.7
26.4
25.7
24.3
23.3
25.5
26.1
26.2
26.1
26.6
29.4
29.7
29.8
29.7
29.5
29.6
29.5
29.4
29.5
29.7
29.7
29.7
29.7
30.3
30.3
30.3
30.2
30.1
30.3
30.4
30.6
30.7
30.7
30.7
30.5
30.7
30.6
30.5
30.6
30.6
30.4
30.3
30.2
29.9
30
30
30
29.7
29.7
29.6
29.4
29.3
29.3
29.4
29.4
29.4
29.3
29.2
28.8
28.6
28.6
28.6
28.6
28.7
29.1
29.1
29.1
29.2
29.2
29.3
29.3
29.2
29.3
29.3
29.5
29.5
29.5
29.5
29.6
29.6
29.6
29.6
29.4
29.4
29.4
29.3
29.4
29.5
29.5
29.4
29.4
29.4
29.4
29.6
29.7
29.6
29.8
29.6
29.5
29.2
29.3
29.2
29.2
29.4
29.5
29.3
29.4
29.6
29.6
29.6
29.8
30
29.9
29.7
29.7
29.6
29.5
29.7
29.5
29.4
29.6
29.6
29.5
29.5
29.4
29.5
29.4
29.3
29.3
29.2
29.1
29.3
29.4
29.4
29.5
29.5
29.4
29.5
29.5
29.7
29.8
29.8
29.8
29.9
29.9
29.9
29.9
30.1
30.2
30.1
30.2
30.2
30.2
30.1
30
30
29.9
29.8
29.8
29.7
29.8
29.9
29.8
29.7
29.6
29.8
29.9
30
30.2
30
30.2
30.3
30.4
30.6
30.6
30.6
30.6
30.7
30.8
30.5
30.5
30.3
30.3
30.2
29.9
30
30.2
30.2
30.1
30.2
30.3
30.2
30.2
29.9
30.1
30
29.9
29.6
29.4
29.1
29.8
30.3
30.3
30.5
30.6
30.7
30.9
30.8
30.9
30.8
30.8
30.7
30.7
30.4
30.4
30.2
29.7
29.3
28.5
27.5
25.8
24
23.2
23.2
22.9
22.6
26.9
30.5
30.8
30.8
30.9
30.8
30.9
30.9
31
31
30.8
30.3
29.5
28.5
27.3
25.5
24.2
22.9
22.1
21.7
21.2
20.6
20.1
19.5
19
18.7
18.1
17.6
17.1
16.9
16.8
16.6
18
30.4
30.6
30.7
30.8
30.8
30.7
30.2
29.7
29.2
28.5
27.3
26
24.7
29.8
30.5
30.5
30.4
30.3
30.6
30.9
30.9
30.8
30.9
31
31.1
31
31.1
31.2
31.1
31.3
31
31.1
30.9
30.4
30
29.4
28.4
27.3
26
24.2
22.6
21.2
21.7
21.4
20.4
19.2
17.9
17.2
16.4
16.1
15.6
15.6
15.6
15.4
15.3
15.3
15
15
14.9
14.9
14.8
14.7
15.1
15
15.3
15.1
14.7
14.8
14.7
14.6
14.2
14
14.2
14.3
14.1
13.8
13.8
14.1
14.1
14.1
16.4
18.1
18.5
18.6
18.3
22.1
30.2
30.5
30.4
30.5
30.6
30.8
30.8
30.6
30.6
30.7
30.8
30.6
30.6
30.3
30
30
30.1
29.7
29.1
28.8
28.3
27.7
27.2
26.4
25.6
25.1
24.4
24
23.4
22.6
21.9
21.7
27
27.1
26.9
26.9
26.8
26.6
26.6
26.4
26.2
25.7
25.4
28.1
29.9
29.9
29.9
29.9
30
30
30
30.2
30.1
30.1
30
29.8
29.6
29.6
29.3
29.2
29
28.9
28.7
28.7
28.4
28.5
28.5
28.3
28.4
28.5
28.5
28.4
28.3
28.5
28.5
28.4
28.4
28.1
27.9
27.6
27.5
27.4
27.2
27.1
27
26.9
26.8
26.6
26.5
26.4
26.4
26.3
26.3
26.2
25.9
25.7
25.6
25.4
25.2
25
25.2
25.2
25.4
25.4
25.5
25.4
25.3
25
24.9
24.9
25
25
25
24.9
24.7
24.8
24.8
25
24.9
24.9
24.9
24.8
24.7
24.6
24.2
24.1
24
24
23.9
23.9
24
23.8
23.7
23.7
23.7
23.7
23.6
23.5
23.6
23.5
23.6
23.7
23.7
23.7
23.7
23.3
23.1
23.2
23.3
23.3
28.1
29.8
29.9
29.9
29.2
29.4
29.8
29.8
29.8
30
30.1
30.2
30.3
30.4
30.5
30.5
30.6
30.7
30.6
30.8
30.9
30.9
30.6
30.5
30.3
30.5
30.5
30.5
30.5
30.5
30.6
30.6
30.6
30.6
30.6
30.4
30.5
30.5
30.2
30.1
30
29.9
29.8
29.6
29.6
29.3
28.8
28.6
28
27.7
27.6
27.3
27.1
27
26.6
26.1
25.8
24.9
24.3
23.7
23.1
22.7
22.1
21.4
21.1
20.7
20.3
19.7
19.3
19.5
19.3
18.9
18.6
18.4
18.3
17.9
17.7
18
24.4
25
26.3
29.3
29.7
29.5
29.3
29.2
29.1
28.9
28.7
28.3
27.8
27.1
26.4
25.5
26
26.8
26.7
26.5
26.1
25.6
25
24.3
23.8
29
30.3
30.3
30.4
30.2
30
30.1
29.8
29.3
28.5
27.2
25.9
24.5
23.1
21.6
20.5
19.5
18.5
17.7
20.6
16.3
15.7
15.7
15.2
14.7
14.4
14.1
13.8
13.7
13.5
13.9
13.5
14.1
14.1
14.1
14.2
14.1
14.3
14.5
14.4
14.5
14.4
14.4
14.5
14.5
14.8
14.8
15.1
14.8
14.8
14.4
14.5
14.9
15
14.9
14.9
15.1
15
15.2
15
14.7
14.4
14.2
14.2
14.4
14.2
14.3
14.5
14
14
14.2
14.1
14.2
13.7
14
14
14.1
13.8
13.8
13.5
13.5
13.5
13.7
15.9
21.3
22.2
26.4
27.3
27.8
27.8
27.9
27.5
27.2
26.7
26.4
25.7
24.9
23.7
22.6
21.2
19.8
18.3
17.1
16
15.5
15.5
15.1
15.2
15.4
15.2
15.3
15.3
15.4
15.4
15.4
15.2
15
15.2
15.3
17.4
22.6
22.6
22
20.8
19.9
19.2
19.7
19.2
18.2
17.1
16.5
15.9
15.5
15.2
15.3
15.3
14.9
14.8
14.5
14.3
14.2
14.8
23.2
29.6
29.8
29.8
29.8
29.8
29.7
29.7
29.8
29.4
29.1
28.6
28.3
28.2
29.1
29.1
28.9
28.5
29.3
29.7
29.6
29.5
29.6
29.6
29.6
29.4
29.2
29.1
28.9
29.4
29.9
29.9
30.1
30
30
30
30
29.9
29.7
29.6
29.4
29.2
28.7
29
29.4
29.5
29.5
29.4
29.2
29.4
29.2
29.2
29.2
29.2
29.1
29.4
29.5
29.4
29.3
29.4
29.3
29.3
29
29
29
28.9
28.9
29.1
29.1
29.1
29.2
29.1
29.4
29.3
29.5
29.6
29.6
29.6
29.7
29.7
29.7
29.9
30
30.2
30.3
30.4
30.4
30.3
30.5
30.3
30.3
30.2
30.1
30.5
30.5
30.3
30.3
30.2
30.1
30
29.8
29.6
29.5
29.4
29
29
28.9
28.9
30.3
30.5
30.7
30.7
30.7
30.6
30.5
30.5
30.5
30.6
30.7
30.8
30.7
30.6
30.5
30.3
30.4
30.4
30.5
30.4
30.3
30.4
30.2
30.2
30.2
30.2
30.2
30.1
30.1
30.3
30.1
29.9
29.9
29.8
29.8
29.9
29.9
29.8
29.6
29.5
29.2
29
28.8
30
30
30
30.5
30.4
30.4
30.6
30.6
30.7
30.7
30.7
30.9
30.9
30.9
30.9
30.8
30.6
30.8
30.6
30.4
30.3
30.3
29.9
29.6
29
28.3
29.3
29.8
29.5
29.3
29.2
29.1
28.9
28.7
28.2
27.5
26.8
26.5
26.2
26.2
25.4
24.4
23.3
27.1
27
26.5
25.7
24.8
23.3
21.9
20.9
19.8
18.9
18.3
17.5
16.9
16.1
15.6
15.1
14.9
14.6
14.6
14.5
14.4
17.6
22.6
22.6
22.5
22.6
22.3
21.9
21.5
21.3
22.9
23
23
23.1
23
22.8
22.7
22.4
21.9
21.9
23.3
23.2
22.8
23.1
23.4
23.3
23.3
23.6
23.9
24.6
25.4
25.8
25.8
25.6
27.4
28.7
28.7
28.5
28.5
28.2
27.5
26.4
25.3
24.5
23.4
21.8
20.3
19.2
18.3
17.6
17.4
17.3
17.2
16.7
16.6
16.5
16.5
16.7
16.4
16.4
17
22.9
22.4
21.5
20
18
16.4
16.3
16.2
16.2
16.1
16.1
16
16.3
16.5
16.4
16.5
16.6
16.5
16.6
16.3
16.3
16.3
16
16
15.9
16.1
15.9
15.9
15.8
15.8
15.8
16
15.8
16.2
16.1
15.9
16
17.8
22.6
22.7
22.9
22.8
22.8
22.8
22.6
22.4
22.1
30.8
31
30.8
30.6
30.1
29.7
29.1
28.3
27.5
26.6
25.7
24.8
23.5
22.1
20.7
19.3
18.3
19
16.9
16.8
16.6
16.5
16.4
16.3
15.9
15.9
15.9
15.8
15.8
15.6
15.5
18.6
22.4
22.4
22.4
24.7
27.4
27.2
27.3
27.3
27.4
27.3
27
26.7
26.5
26.2
25.9
25.9
25.7
25.6
25.2
24.6
24
23.5
22.8
22.2
21.9
21.5
21.4
21.1
20.7
20.1
19.6
19.5
19.2
19
18.6
20.6
18.5
18.4
18.2
18
17.7
17.8
17.9
17.9
17.8
22.4
23.6
23.2
23.2
23
22.9
22.6
22.5
22.4
22.2
22.1
22
21.9
21.4
21.3
21.1
21
20.8
20.8
20.8
20.8
20.6
20.9
20.8
20.4
20.2
20
19.9
19.8
19.4
19.2
18.9
18.9
18.9
18.8
18.8
18.7
18.6
18.8
18.7
18.4
18.2
18.5
18.3
18.3
18.3
18.8
20.5
23
23.3
23.4
23.3
23.3
23
23
23
22.8
22.7
22.6
22.8
23.1
23.1
23.1
23.1
23.6
24.3
25
25.5
26
26.5
26.7
26.7
26.8
26.8
26.8
26.8
26.7
26.8
26.8
27
27.2
27.3
27.2
27.2
27.3
27.3
27.2
27.2
27.3
27.4
27.5
27.6
27.4
27.6
27.7
28.4
28.8
29.1
29.4
29.6
29.7
29.8
30.2
30.2
30.3
30.3
30.1
30
30
30
30
30.2
30.2
30.1
30.1
29.8
29.8
29.8
30.1
30.2
30.1
29.9
30.1
30.2
30.2
30.1
29.9
29.8
29.6
29.5
29.4
29.4
29.4
29.3
29.3
29.2
29.2
29.2
29.5
29.4
29.6
29.6
29.9
30.2
30.1
30.1
30.2
30.2
30.3
29.9
30
30
30.1
29.7
29.6
29.8
29.7
29.6
29.6
29.7
29.8
29.8
29.7
29.9
29.9
29.9
30.2
30.4
30.4
30.4
30.3
30.5
30.5
30.4
30.4
30.5
30.5
30.4
30.2
30.2
30.2
30.1
29.8
29.7
29.8
29.8
30
30
30
30
30.1
30.3
30.6
30.8
30.8
30.7
30.8
30.9
30.8
30.7
30.6
30.7
30.8
30.7
30.6
30.7
30.8
30.8
30.6
30.6
30.5
30.7
30.6
30.5
30.5
30.1
30.3
30.2
30.4
30
29.7
29
28.1
27.2
26.3
25.5
24.9
24.3
23.7
22.8
21.8
20.8
20.2
19.6
19.3
18.9
18.5
17.9
17.5
17
16.5
16.1
15.8
22.4
21.9
22.6
23
27
27.7
27.8
27.9
28
27.8
27.9
27.7
27.9
27.8
29.6
30.4
30.4
30.3
30.3
30.2
30.2
30.1
30
29.7
29.2
28.8
28.1
27.6
29.8
29.3
28.7
27.9
28.9
28.9
28.7
28.7
28.6
28.5
28.5
28.3
27.9
27.1
26.4
25.4
24.1
22.6
21.3
20.5
19.5
18.7
18.2
17.5
17.1
16.5
15.7
15.5
15.1
15.2
15
14.9
14.8
15
15.9
22.5
22.1
21.3
20.3
19.3
20.3
20.1
19.5
18.8
18.2
17.5
16.8
16.2
15.3
14.8
19.7
21.7
21.5
21.5
21.2
21.1
20.8
21.6
21.5
21.5
21.3
21.1
20.7
20.3
20.1
19.5
20.8
21.3
21.3
21.3
21.1
21.2
21.2
21.3
21.2
21
20.9
20.8
21
21.3
21.3
21.6
21.6
26.2
26.5
26.6
26.6
26.5
26.6
26.6
26.6
26.7
26.6
26.7
26.7
26.7
26.6
26.6
26.7
26.8
26.6
26.5
26.5
26.3
26.3
26.2
26.5
26.5
26.5
26.6
26.5
26.6
26.6
26.6
26.5
26.4
26.5
26.4
26.3
26.4
26.3
26.4
26.3
26.3
26.6
26.5
26.6
26.7
26.7
26.6
26.6
26.6
26.7
26.8
28.7
29.3
29.4
29.5
29.2
29.3
29.3
29.2
29
28.9
28.8
28.8
28.8
28.8
28.8
28.8
28.2
28.2
28.6
28.5
28.7
28.8
28.9
29
28.9
28.9
29
29
28.8
28.6
28.5
28.4
28.1
28
28.5
27.8
27.8
27.6
27.3
28
26.9
27
26.7
26.4
26.8
28.2
28.2
27.4
27.3
28
27.8
28
27.4
27.9
28
27.9
28
28
28
28
28
28.1
28.1
27.9
27.7
27.5
27.4
27.2
27.1
27
26.8
26.6
27.4
27.8
27.9
27.8
27.7
27.7
27.7
27.7
27.5
27.4
27.3
27.3
27.7
28.3
28.7
28.8
28.8
28.8
28.8
28.8
28.7
28.7
28.7
29
29.3
29.5
29.4
29.2
28.9
28.7
28.5
28.2
27.1
26.4
27.6
29.5
29.3
29.2
28.9
28.5
28
28.4
28.9
28.8
28.7
28.3
27.9
27.2
26.2
28.3
28.5
28.4
28.3
28.1
27.9
27.6
27.2
26.6
26
25.3
24.6
23.6
22.7
21.4
20.5
19.6
20.2
22.8
22.3
21.1
20
19.3
18.7
18.5
18.4
18.6
18.1
17.9
17.9
18
17.7
18.2
25.1
25.1
25
24.9
25
24.6
24.3
24
23.7
23.2
22.6
22.3
21.6
23.9
24.1
29.8
30.8
30.9
31
31.2
31.5
31.4
31.5
31.4
31.1
30.7
31.1
31.3
31.1
31.1
31.2
31.1
31.1
30.9
30.6
30.3
29.7
28.2
26.2
24.9
23.8
23
22.3
21.8
21.4
20.8
22.7
26.5
24.6
21
18
16.8
16.1
15.9
15.9
18.5
18.6
17
15
14.3
14.1
14
14
14.2
14.2
14.2
14.1
18.8
21.7
21.7
21.7
21.1
20.5
19.3
18.3
16.9
15.8
15.2
15.1
15
14.7
14.7
14.9
14.6
14.6
14.3
14.3
16.8
14.3
14.5
14.5
14.4
14.3
14.3
14.1
13.9
13.9
13.8
13.7
14.1
14.1
14.4
14.1
14.1
14
17.4
21.6
21.5
21.3
21.1
20.6
21.1
21.4
21.3
21
21
20.7
20.3
20
20
19.5
18.8
17.5
16.8
15.8
14.9
14.7
14.7
14.8
14.5
14.5
14.3
14.1
14.3
14.5
21
21.2
20.6
19.8
19.2
21.7
21.7
21.7
21.7
21.7
21.6
21.3
21
20.8
20.7
20.3
20.2
20.1
20.1
19.8
19.5
19.2
18.3
17.7
17.4
17
16.4
16
15.9
21.9
22
21.9
21.8
21.6
21.4
21.3
21
20.6
20.5
20.3
20.2
20.1
20.3
20.9
20.9
20.8
21
21.9
22.1
22.5
19.3
23.2
23.8
24.3
24.7
24.9
24.7
24.7
24.8
25.2
25.4
25.6
25.6
25.8
25.8
25.7
25.6
25.4
25.6
25.9
26
26.1
26.1
26.4
27.3
27.4
27.5
27.5
27.5
27.4
27.4
27.4
27.5
27.6
27.6
27.6
27.6
27.7
27.7
27.8
27.8
27.3
27.3
27.4
27.5
27.3
27.3
27.4
27.7
27.3
27.6
27.7
27.7
27.8
27.8
27.8
28
28
28.3
28.2
28.2
28.1
28.1
28
28.1
28.1
28
28.1
29.9
29.9
29.8
30
30
30
30
30.1
30
29.9
29.7
29.6
29.7
29.6
29.6
29.7
29.7
29.4
29.1
29.2
29
28.7
28.8
28.9
29.2
29.2
28.9
28.8
29.3
29.4
29.5
29.5
29.5
29.4
29.5
29.6
29.7
30.2
30
30
30
30.2
30.4
30.5
30.4
30.4
30.5
30.5
30.4
30.5
30.3
30.3
30.5
30.7
30.8
30.8
30.7
30.5
30.6
30.7
30.7
30.5
30
29.8
30.3
30.1
29.6
28.9
27.8
26.8
26.1
30.4
30.7
30.7
30.8
30.8
30.8
30.5
30.5
30.3
30.4
30.5
30.5
30.4
29.9
30.1
30.2
30.3
30.4
30.4
30.2
29.8
29.3
29.5
30.6
30.6
30.6
30.6
30.4
30.3
30.5
30.6
30.6
30.6
30.4
30.3
30.3
30.2
30.2
30
30.1
30.1
30
30.2
30
30
29.9
30
29.9
29.7
29.7
29.7
29.6
29.8
29.8
29.9
29.9
29.9
29.5
29.2
28.8
28.6
29.6
29.7
29.6
29.6
29.6
29.7
29.7
29.7
29.7
29.5
29.6
29.5
29.2
28.8
28.2
27
25.5
24
22.3
21.1
29
29.2
29.2
29.1
29.1
29.2
29.4
29.4
29.5
29.7
29.5
29.2
28.9
28.2
27.1
26
24.8
23.5
23.4
29.4
29.4
29.4
29.4
29.5
29.4
29.1
28.1
27
25.8
24.7
23.8
23
25.7
26.5
25.6
24.2
22.3
20.6
18.8
17.7
16.8
16.4
16.7
21
20.6
18.9
17.2
16
15.8
15.6
15.9
15.7
15.5
15.1
15.1
15
14.9
15
14.9
14.6
14.7
14.7
14.6
14.4
14.5
14.2
14.2
14
14
14
13.9
14
14.1
14
13.8
14.1
14.4
14.2
14
19
21.7
21.8
21.7
21.7
21.5
21.1
21
20.8
20.5
20.2
19.8
19.4
18.8
18.5
17.9
17.7
17.4
17
16.6
16.5
16.1
15.5
15
14.5
13.9
13.4
13.3
13.5
13.4
13.4
13.3
14.8
21.6
21.7
21.8
21.7
21.8
21.8
21.6
22.3
26.9
26.9
27.1
27.1
27.1
27.2
27
27.1
27.1
27
27
27
27
26.8
26.7
26.9
27.1
28.7
30
29.9
29.8
29.7
29.8
29.7
29.7
29.9
29.9
30.1
30
30.2
30.3
30.2
30.4
30.3
29.3
30.1
29.9
29.7
29.8
29.7
29.8
30
30.1
30
30
30
29.8
29.8
29.8
29.9
29.8
29.8
29.7
29.9
29.8
29.9
30
30.3
30.3
30.4
30.4
30.2
30.1
30
30.1
30
30.1
30.2
30
29.9
29.8
29.6
29.6
29.5
29.5
29.5
29.6
29.7
29.8
29.8
29.7
29.6
29.7
29.8
30.1
29.9
29.9
29.8
29.7
29.7
29.5
29.3
29.3
29.2
29.5
29.7
29.7
29.7
29.7
29.7
29.7
29.6
29.5
29.7
29.7
29.6
29.4
29.3
29.2
29.3
29.2
29
28.9
28.6
28.4
29.6
29.6
29.7
29.9
29.9
29.8
29.7
29.9
29.8
29.8
30.1
30
29.9
30.1
30.2
30.3
30.3
30.3
30.3
30.3
30.3
30.2
30.1
29.9
29.9
29.8
29.5
29.3
29.3
29.4
28.8
28.4
28.2
27.9
27.6
27.4
29.6
30
29.5
29.1
28.5
27.9
26.9
25.8
24.6
23.8
23
22.8
28.4
28.3
28.4
28.2
27.9
27.6
29.3
30.1
30.5
30.7
30.8
30.8
31
31
30.9
31
30.9
31.1
31.3
31.3
31.3
31.3
31.2
31.2
31.2
31
30.8
30.5
30.6
30.5
30.3
31.5
31.6
31.6
31.5
31.3
31.4
31.5
31.4
31.4
31.5
31.4
31.3
31.2
31.1
31
30.8
31
30.9
30.9
30.8
30.8
30.8
31.1
31.2
31.1
30.9
30.8
30.6
30.6
30.2
29.7
30.8
30.9
31.1
31.1
31.2
31.1
31
31.2
31
30.8
30.2
29.3
27.9
26
24.9
29.4
28.8
27.8
27.2
26.6
26.1
24.9
23.6
22.4
21.5
20.7
20.7
27.1
26.9
26.3
25.6
24.7
22.5
26.2
26.2
25.8
25.3
24.9
23.9
22.2
19.9
18.8
18.1
17.9
24
24.1
23.2
21.2
19.6
18
17.3
17.2
17
16.7
16.4
16.1
16.2
16.2
16.1
16
16.2
16.3
16.4
16.2
15.8
15.8
15.7
15.6
15.6
21.8
22.4
21.4
20.8
20.7
19.2
17.2
16.1
15.8
15.5
15.3
15.2
15.2
15.5
16.2
15.8
15.2
15.2
22.8
19.6
19.4
20
21.4
20.4
19.4
24.1
22.4
21.8
21.9
29
30
30
30.4
30.1
30.1
29.9
30.5
30.4
30.4
30.2
29.9
30.1
29.7
29.4
29
28.5
29.2
28.9
29
28.8
28.5
28
27.5
26.8
25.9
25.9
25.6
25
23.8
22.5
21.7
21
20.7
20.3
19.8
19.5
19.4
19.5
19.6
19.5
19.5
19.5
19.4
19.2
20.5
30.6
30.4
30.5
30.7
30.9
31.1
31
30.8
30.7
30.6
30.6
30.5
30.4
30.4
30.2
30.1
29.7
29.4
29.3
29.1
28.7
28.5
28.2
28
27.9
28
27.7
27.3
27.1
26.8
28.8
29.5
29.5
29.5
29.5
29.5
29.3
29.4
29.3
29.4
29.6
29.5
29.3
29.6
29.4
28.9
29.1
29.4
29.6
29.7
29.8
29.9
30.2
30
29.9
29.6
29.5
29.5
29.2
29.2
29.6
29.3
29
28.8
28.7
28.9
29.8
29.9
29.9
29.7
29.6
29.3
29.4
30.3
31.2
31.3
31.3
31.2
31.4
31.4
31.5
31.6
31.6
31.6
31.5
31.4
31.3
31.2
31.1
30.9
31.1
31.1
30.9
30.7
30.7
30.7
30.6
30.3
30.2
30.1
30.1
29.8
30
30.9
31.1
31.1
31.2
31
31.2
31.3
31.1
31.1
31.1
30.9
30.8
30.9
30.9
30.8
30.7
30.8
30.8
30.7
30.7
30.8
30.5
30.1
30.2
29.9
29.3
29
29
28.9
28.6
28.3
28.5
28.3
28.2
27.6
27
25.9
25.4
24.7
23.9
23.5
23.2
23.5
29.7
30
30
30.1
30.4
30.6
30.4
30.6
30.5
30.5
30.6
30.3
29.9
29.6
29.1
29.7
30.7
30.7
30.6
30.6
30.5
30.6
30.5
30.3
30.2
30.2
30.2
30.2
30.2
30.1
30.2
30.4
30.5
30.7
30.7
30.9
31
30.9
30.7
30.6
30.3
29.9
29.9
31.1
30.8
30.8
30.5
30.1
28.9
30.9
30.8
31.2
31.4
31.3
31.5
31.7
31.8
31.8
31.7
31.7
32
31.9
31.7
31.4
31
31.6
31.9
31.9
31.8
31.6
31.5
31.4
31.2
30.9
30.2
29.2
28.2
26.8
26.2
25.3
24.3
23.6
23.5
23.3
22.9
22.8
22.4
22.1
21.8
21.6
21.5
21.3
21.2
21.4
27.6
27.6
27.9
32.1
32.3
32
31.8
31.7
31.8
31.1
30.3
28.7
26.5
24.3
23.8
29.5
28.9
27.6
25.1
22
20.1
19.4
18.9
18.4
18.3
18.1
18
17.9
17.5
17.3
17
16.7
16.7
17
23.6
23.5
25.6
26.3
26.5
26.6
26.8
30.1
31.3
31.3
31.2
31.3
31.3
31.5
31.5
31.4
31.3
30.9
30.8
31.4
31
30.9
30.8
30.8
30.5
30.4
29.9
29.3
28.7
28.3
27.8
27
25.3
24.1
23.2
22.5
21.9
21.6
21.1
20.7
20.4
20.1
19.6
19.2
18.9
25.7
25.7
25.5
25.2
24.8
24.4
23.7
22.9
25
29.7
30.2
30.4
30.5
30.6
30.7
30.6
30.5
30.4
30.5
30.4
30.4
30.4
30.3
30.3
30.3
30.1
29.9
29.9
30
30.1
29.9
29.9
29.6
29.7
30.2
30.2
30.1
29.9
29.9
30.1
30
29.9
30
30
29.8
29.7
29.4
29.2
29.1
28.8
28.4
28.3
28.3
28.2
28
27.9
27.8
28
28.1
27.8
27.9
27.4
26.9
26.4
26.1
25.7
25.4
25.3
25.2
25
25
25
24.6
24.3
24.1
24.2
24.2
24.3
23.7
23.5
23.1
23
23.1
23.1
23.1
22.8
22.8
22.7
22.4
22.2
22.2
21.9
23.1
28.8
29
28.8
29.4
29.5
29.7
29.8
29.7
29.9
29.8
29.8
29.7
29.3
29.4
29.5
29.5
29.4
29.8
29.8
29.7
29.8
29.9
29.7
29.8
30
29.9
29.7
29.3
29.1
29
29
29.4
29.5
29.4
29.4
29.5
29.6
29.5
29.5
29.5
29.2
29.3
29
28.8
28.5
28.3
28.1
27.8
27.7
27.6
27.6
27.8
27.6
27.3
29
27.2
27.4
27.5
27.3
28
28.8
28.9
29.4
29.7
29.8
29.6
29.4
29.5
29.4
29.6
29.8
29.9
29.9
29.9
29.9
29.9
29.8
30.1
30.1
29.9
29.6
29.6
29.7
29.8
29.9
29.9
30
29.8
29.8
29.8
29.7
29.5
29.3
29.2
29
28.7
29
29.6
29.4
29.5
29.7
29.6
29.7
29.9
29.7
29.9
29.8
29.6
29.6
29.6
29.5
29.2
29.2
29.3
29.2
28.9
28.7
28.5
28.5
28.3
27.8
27.6
29.2
29.5
29.6
29.6
29.4
29.5
29.4
29.5
29.6
29.6
29.5
29.5
29.3
29.3
29.2
29.2
29.3
29.5
29.5
29.3
29.1
28.8
28.4
28
28.6
29
29
29
29
29
29.1
29.1
29.1
29.2
29.4
29.5
29.5
29.8
29.7
29.8
29.5
29.2
28.4
26.9
25.8
25.8
26.1
28.8
29.5
29.4
29.1
28.5
27.6
26.8
24.8
22.6
21.3
20.5
19.8
19.4
19.9
23.5
22.8
25.4
25.2
29.5
30.2
30.3
30.4
30.4
30.4
30.5
30.5
30.3
30.2
30.2
29.9
29.8
29.4
28.6
27.6
26.2
24.7
23.2
22.2
21.5
21
20.5
20.2
19.9
19.2
18.1
17.5
16.8
16.4
16.4
16.1
16.2
15.8
15.7
22.4
22.8
22.7
22.4
21.9
21.1
20
18.2
16.6
16.5
16.6
16.2
15.9
16.1
18.6
23
23.1
22.8
21.9
19.6
22.7
22.8
22.6
22
21.2
19.1
16.6
16
15.7
15.4
15.1
15.2
14.9
14.7
14.6
14.8
23.3
30.5
30.6
30.7
30.9
30.9
30.7
31
30.8
30.7
30.5
30.6
30.6
30.6
30.8
30.8
30.6
31.1
31.1
31.3
31.4
31.4
31.4
31.3
31.3
31.4
31.2
31.2
31.1
30.9
31
30.9
30.6
30.9
31
31
31
31.2
31.3
31.1
31.1
30.8
30.8
30.9
30.5
30.6
30.7
30.8
31
31.1
31.1
31.2
31.2
31
31
31.1
31.2
31.1
31
30.7
30.8
30.7
30.7
30.8
30.7
30.8
30.6
30.5
30.7
30.7
30.6
30.9
30.8
30.7
30.5
30.3
30.3
30.2
30.2
30.2
30
29.9
30
29.8
29.7
29.7
29.7
29.7
30
30
30.3
30.3
30.3
30.2
30.3
30.2
30.2
30.1
30.2
30.3
30.3
30.2
30.2
30.2
30.3
30.2
30.3
30.2
30.5
30.6
30.7
30.9
30.9
30.8
30.8
31.1
31.2
31.1
31.3
31.2
31.4
31.4
31.3
31.5
31.6
31.7
31.6
31.6
31.5
31.7
31.7
31.8
31.7
31.7
31.8
31.8
31.8
31.5
31.6
31.6
31.6
31.7
31.8
31.8
31.9
32
32
31.8
31.9
31.9
32
31.8
31.9
31.9
32
32
32
32
31.9
31.8
31.7
31.7
31.7
31.7
31.6
31.5
31.4
31.5
31.5
31.4
31.4
31.3
31.3
31.2
31
31.1
30.9
30.8
30.7
30.7
30.8
30.9
30.9
30.8
30.8
30.9
30.8
30.8
31
31.1
31
30.9
30.8
30.8
30.7
30.7
30.8
30.8
30.5
30.7
30.6
30.5
30.7
30.6
30.6
30.4
30.3
30.6
30.6
30.4
30.7
30.8
30.6
30.7
30.6
30.9
30.8
30.8
30.9
31.1
31
31.1
31.2
31.1
31.3
31.4
31.3
31.3
31.2
31
30.9
31
30.9
30.9
30.9
30.8
30.6
30.2
30.8
31.4
31.5
31.6
31.6
31.7
31.6
31.5
31.4
31.3
31.2
31
31.1
31.1
31.1
31
30.8
30.9
30.8
31
31.1
31
31.1
31.1
31.1
31.3
31.4
31.5
31.6
31.5
31.6
31.6
31.5
31.3
31
30.9
31.3
31.5
31.4
31.2
31.1
31.2
31.2
31.3
31.2
31.2
31.3
31.2
31.1
31.1
31
31
31.1
31.1
31.1
31.2
31
31.1
31
30.9
30.6
29.9
29.3
28.8
27.9
26.8
25.6
24.2
23.7
22.7
21.9
21.2
20.6
19.9
19.4
19.3
19.1
18.9
18.8
18.7
18.5
18.4
18
17.8
17.8
17.4
17.3
17.1
16.9
16.7
16.2
16.1
16
16.1
16
15.7
15.4
15.4
15.4
15.3
15.3
15.1
15.2
15.3
15.3
15.1
15.4
15.6
15.5
15.6
15.6
15.5
15.5
15.3
15.5
15.6
15.9
17.5
20.4
22.7
22.7
22.8
22.8
23.2
23.2
23.2
23
23
22.6
22
21.3
20.1
19
18.2
17.3
17.1
23
23.1
22.6
22
21
19.6
18
16.6
22.5
22.7
22.8
22.7
22.8
22.7
22.4
21.9
21.3
20.7
19.8
18.5
16.9
15.9
15.6
15.5
15.1
15.3
15.2
21
21.8
21.4
20.7
20.1
19.5
18.2
17.2
16.2
15.4
14.5
14
14.1
14
19.8
23.6
28.7
29.3
29.3
29.3
29.5
29.5
29.5
29.3
29.5
29.5
29.5
28.8
29.7
29.8
29.9
30
30
30.1
30.1
30
29.9
30
30
30
30.1
30.3
30.2
30.3
30.3
30.4
30.5
30.4
30.4
30.5
30.5
30.5
30.4
30.4
30.4
30.4
30.4
30.5
30.5
30.5
30.5
30.4
30.3
30.5
30.4
30.6
30.7
30.5
30.6
30.6
30.7
31
31
30.9
30.7
30.8
30.6
30.6
30.5
30.6
30.8
30.9
30.9
