20000101
20191231
0.029014876
0.029014876
0.029014876
0.029014876
0.029014876
0.029014876
0.029014876
0.029014876
0.050720661
0.050720661
0.050720661
0.050720661
0.050720661
0.050720661
0.050720661
0.050720661
0.051717355
0.051717355
0.051717355
0.051717355
0.051717355
0.051717355
0.051717355
0.051717355
0
0
0
0
0
0
0
0
0.065462069
0.065462069
0.065462069
0.065462069
0.065462069
0.065462069
0.065462069
0.065462069
0.119331897
0.119331897
0.119331897
0.119331897
0.119331897
0.119331897
0.119331897
0.119331897
0.145438793
0.145438793
0.145438793
0.145438793
0.145438793
0.145438793
0.145438793
0.145438793
0.169597414
0.169597414
0.169597414
0.169597414
0.213455939
0.213455939
0.213455939
0.213455939
0.244475096
0.244475096
0.244475096
0.244475096
0.244475096
0.244475096
0.244475096
0.244475096
0.261149425
0.261149425
0.261149425
0.261149425
0.261149425
0.261149425
0.261149425
0.261149425
0.416367816
0.416367816
0.416367816
0.416367816
0.416367816
0.416367816
0.416367816
0.416367816
0.454375479
0.454375479
0.454375479
0.446005166
0.446005166
0.446005166
0.446005166
0.446005166
0.655649257
0.655649257
0.655649257
0.655649257
0.655649257
0.655649257
0.655649257
0.655649257
1.150876256
1.150876256
1.150876256
1.150876256
1.150876256
1.150876256
1.150876256
1.150876256
1.305762562
1.305762562
1.305762562
1.305762562
1.305762562
1.305762562
1.305762562
1.305762562
1.432487721
1.10250845
1.10250845
1.10250845
1.10250845
1.10250845
1.10250845
1.10250845
1.407242786
1.407242786
1.407242786
1.407242786
1.407242786
1.407242786
1.407242786
1.407242786
1.101582206
1.101582206
1.101582206
1.101582206
1.101582206
1.101582206
1.101582206
1.101582206
0.861314465
0.861314465
0.861314465
0.861314465
0.861314465
0.861314465
0.861314465
0.861314465
0.944054706
0.944054706
0.944054706
0.944054706
0.944054706
0.944054706
0.944054706
0.944054706
1.034152812
1.034152812
1.034152812
1.034152812
1.034152812
1.034152812
1.034152812
1.034152812
1.092740672
1.092740672
1.092740672
1.092740672
1.092740672
1.092740672
1.092740672
1.092740672
0.875734323
0.875734323
0.875734323
0.875734323
0.875734323
0.875734323
0.734570996
0.734570996
0.998961592
0.998961592
0.998961592
0.998961592
0.998961592
0.998961592
0.998961592
0.998961592
0.951191845
0.951191845
0.951191845
0.951191845
0.951191845
0.951191845
0.951191845
0.951191845
0.972449786
0.972449786
0.972449786
0.972449786
0.972449786
0.972449786
0.972449786
0.972449786
0.78743295
0.78743295
0.78743295
0.78743295
0.78743295
0.851162244
0.851162244
0.851162244
0.557160915
0.557160915
0.557160915
0.557160915
0.557160915
0.557160915
0.557160915
0.557160915
0.435279234
0.435279234
0.435279234
0.435279234
0.435279234
0.435279234
0.435279234
0.435279234
0.366169263
0.366169263
0.366169263
0.366169263
0.366169263
0.366169263
0.366169263
0.366169263
0.336288593
0.336288593
0.336288593
0.336288593
0.395440338
0.395440338
0.395440338
0.395440338
0.4313988
0.4313988
0.4313988
0.4313988
0.4313988
0.4313988
0.4313988
0.4313988
0.418351015
0.418351015
0.418351015
0.418351015
0.418351015
0.418351015
0.418351015
0.418351015
0.340372523
0.340372523
0.340372523
0.340372523
0.340372523
0.340372523
0.340372523
0.340372523
0.318900185
0.318900185
0.421391515
0.421391515
0.421391515
0.421391515
0.421391515
0.421391515
0.241512727
0.241512727
0.241512727
0.241512727
0.241512727
0.241512727
0.241512727
0.241512727
0.136843636
0.136843636
0.136843636
0.136843636
0.136843636
0.136843636
0.136843636
0.136843636
0.080368485
0.080368485
0.080368485
0.080368485
0.080368485
0.080368485
0.080368485
0.080368485
0.063398788
0.079353228
0.079353228
0.079353228
0.079353228
0.079353228
0.079353228
0.079353228
0.041970551
0.041970551
0.041970551
0.041970551
0.041970551
0.041970551
0.041970551
0.041970551
0.04587874
0.04587874
0.04587874
0.04587874
0.04587874
0.04587874
0.04587874
0.04587874
0.055394331
0.055394331
0.055394331
0.055394331
0.055394331
0.055394331
0.055394331
0.061541914
0.036623102
0.036623102
0.036623102
0.036623102
0.036623102
0.036623102
0.036623102
0.036623102
0
0
0
0
0
0
0
0
0.000566337
0.000566337
0.000566337
0.000566337
0.000566337
0.000566337
0.000566337
0.000566337
0
0
0
0
0
0
0
0
0
0
0
0
0
0
0.021595041
0.021595041
0.021595041
0.021595041
0.021595041
0.021595041
0.021595041
0.021595041
0.013510744
0.013510744
0.013510744
0.013510744
0.013510744
0.013510744
0.013510744
0.013510744
0.020598347
0.020598347
0.020598347
0.020598347
0.020598347
0.020598347
0.020598347
0.018118966
0.048317241
0.048317241
0.048317241
0.048317241
0.048317241
0.048317241
0.048317241
0.048317241
0.030685345
0.030685345
0.030685345
0.030685345
0.030685345
0.030685345
0.030685345
0.030685345
0.061078448
0.061078448
0.061078448
0.061078448
0.061078448
0.061078448
0.061078448
0.061078448
0.048706897
0.048706897
0.048706897
0.061302682
0.061302682
0.061302682
0.061302682
0.061302682
0.114145594
0.114145594
0.114145594
0.114145594
0.114145594
0.114145594
0.114145594
0.114145594
0.137440613
0.137440613
0.137440613
0.137440613
0.137440613
0.137440613
0.137440613
0.137440613
0.148475096
0.148475096
0.148475096
0.148475096
0.148475096
0.148475096
0.148475096
0.148475096
0.364505747
0.364505747
0.357790977
0.357790977
0.357790977
0.357790977
0.357790977
0.357790977
0.494264225
0.494264225
0.494264225
0.494264225
0.494264225
0.494264225
0.494264225
0.494264225
0.68356971
0.68356971
0.68356971
0.68356971
0.68356971
0.68356971
0.68356971
0.68356971
1.222362243
1.222362243
1.222362243
1.222362243
1.222362243
1.222362243
1.222362243
1.222362243
1.040635338
1.040635338
1.040635338
1.040635338
1.040635338
1.040635338
1.040635338
1.040635338
1.151692016
1.151692016
1.151692016
1.151692016
1.151692016
1.151692016
1.151692016
1.151692016
1.133352381
1.133352381
1.133352381
1.133352381
1.133352381
1.133352381
1.133352381
1.133352381
1.043043573
1.043043573
1.043043573
1.043043573
1.043043573
1.043043573
1.043043573
1.085128105
1.116349267
1.116349267
1.116349267
1.116349267
1.116349267
1.116349267
1.116349267
1.116349267
1.071348394
1.071348394
1.071348394
1.071348394
1.071348394
1.071348394
1.071348394
1.071348394
1.152966679
1.152966679
1.152966679
1.152966679
1.152966679
1.152966679
1.152966679
1.152966679
0.741984407
0.741984407
0.741984407
0.741984407
0.741984407
0.622380796
0.622380796
0.622380796
0.431140151
0.431140151
0.431140151
0.431140151
0.431140151
0.431140151
0.431140151
0.431140151
0.343602696
0.343602696
0.343602696
0.343602696
0.343602696
0.343602696
0.343602696
0.343602696
0.328487734
0.328487734
0.328487734
0.328487734
0.328487734
0.328487734
0.328487734
0.328487734
0.288154226
0.288154226
0.288154226
0.288154226
0.311475405
0.311475405
0.311475405
0.311475405
0.28718644
0.28718644
0.28718644
0.28718644
0.28718644
0.28718644
0.28718644
0.28718644
0.320998777
0.320998777
0.320998777
0.320998777
0.320998777
0.320998777
0.320998777
0.320998777
0.311388035
0.311388035
0.311388035
0.311388035
0.311388035
0.311388035
0.311388035
0.311388035
0.340831853
0.340831853
0.340831853
0.400782738
0.400782738
0.400782738
0.400782738
0.400782738
0.740744308
0.740744308
0.740744308
0.740744308
0.740744308
0.740744308
0.740744308
0.740744308
0.704169415
0.704169415
0.704169415
0.704169415
0.704169415
0.704169415
0.704169415
0.704169415
0.8601264
0.8601264
0.8601264
0.8601264
0.8601264
0.8601264
0.8601264
0.8601264
0.701600954
0.927088485
0.927088485
0.927088485
0.927088485
0.927088485
0.927088485
0.927088485
0.635345455
0.635345455
0.635345455
0.635345455
0.635345455
0.635345455
0.635345455
0.635345455
0.567330909
0.567330909
0.567330909
0.567330909
0.567330909
0.567330909
0.567330909
0.567330909
0.421391515
0.421391515
0.421391515
0.421391515
0.421391515
0.421391515
0.421391515
0.421391515
0.359553386
0.359553386
0.359553386
0.359553386
0.359553386
0.359553386
0.359553386
0.359553386
0.201186772
0.201186772
0.201186772
0.201186772
0.201186772
0.201186772
0.201186772
0.201186772
0.173489606
0.173489606
0.173489606
0.173489606
0.173489606
0.173489606
0.173489606
0.173489606
0.072556378
0.072556378
0.072556378
0.072556378
0.072556378
0.072556378
0.080608581
0.080608581
0.124782838
0.124782838
0.124782838
0.124782838
0.124782838
0.124782838
0.124782838
0.124782838
0.076077888
0.076077888
0.076077888
0.076077888
0.076077888
0.076077888
0.076077888
0.076077888
0.07570033
0.07570033
0.07570033
0.07570033
0.07570033
0.07570033
0.07570033
0.07570033
0.047761056
0.047761056
0.047761056
0.047761056
0.047761056
0.023477686
0.023477686
0.023477686
0.023477686
0.023477686
0.023477686
0.023477686
0.023477686
0.067332231
0.067332231
0.067332231
0.067332231
0.067332231
0.067332231
0.067332231
0.067332231
0.042636364
0.042636364
0.042636364
0.042636364
0.042636364
0.042636364
0.042636364
0.042636364
0.05913719
0.05913719
0.05913719
0.05913719
0.05913719
0.05913719
0.05913719
0.052018966
0.031464655
0.031464655
0.031464655
0.031464655
0.031464655
0.031464655
0.031464655
0.031464655
0.072573276
0.072573276
0.072573276
0.072573276
0.072573276
0.072573276
0.072573276
0.072573276
0.101797414
0.101797414
0.101797414
0.101797414
0.101797414
0.101797414
0.101797414
0.101797414
0.027860345
0.027860345
0.027860345
0.035065134
0.035065134
0.035065134
0.035065134
0.035065134
0.156444444
0.156444444
0.156444444
0.156444444
0.156444444
0.156444444
0.156444444
0.156444444
0.140015326
0.140015326
0.140015326
0.140015326
0.140015326
0.140015326
0.140015326
0.140015326
0.228413793
0.228413793
0.228413793
0.228413793
0.228413793
0.228413793
0.228413793
0.228413793
0.253057471
0.253057471
0.248395754
0.248395754
0.248395754
0.248395754
0.248395754
0.248395754
0.359836872
0.359836872
0.359836872
0.359836872
0.359836872
0.359836872
0.359836872
0.359836872
0.606908811
0.606908811
0.606908811
0.606908811
0.606908811
0.606908811
0.606908811
0.606908811
1.297940021
1.297940021
1.297940021
1.297940021
1.297940021
1.297940021
1.297940021
1.297940021
1.444570426
1.444570426
1.444570426
1.444570426
1.444570426
1.444570426
1.444570426
1.444570426
1.232182635
1.232182635
1.232182635
1.232182635
1.232182635
1.232182635
1.232182635
1.232182635
1.343331937
1.343331937
1.343331937
1.343331937
1.343331937
1.343331937
1.343331937
1.343331937
1.421877444
1.421877444
1.421877444
1.421877444
1.421877444
1.421877444
1.421877444
1.479247095
1.504493837
1.504493837
1.504493837
1.504493837
1.504493837
1.504493837
1.504493837
1.504493837
1.532727789
1.532727789
1.532727789
1.532727789
1.532727789
1.532727789
1.532727789
1.532727789
1.381632783
1.381632783
1.381632783
1.381632783
1.381632783
1.381632783
1.381632783
1.381632783
0.998402655
0.998402655
0.998402655
0.998402655
0.998402655
0.837465899
0.837465899
0.837465899
0.84538711
0.84538711
0.84538711
0.84538711
0.84538711
0.84538711
0.84538711
0.84538711
0.746048668
0.746048668
0.746048668
0.746048668
0.746048668
0.746048668
0.746048668
0.746048668
0.714282999
0.714282999
0.714282999
0.714282999
0.714282999
0.714282999
0.714282999
0.714282999
0.589968497
0.589968497
0.589968497
0.589968497
0.637716405
0.637716405
0.637716405
0.637716405
0.543094283
0.543094283
0.543094283
0.543094283
0.543094283
0.543094283
0.543094283
0.543094283
0.62967833
0.62967833
0.62967833
0.62967833
0.62967833
0.62967833
0.62967833
0.62967833
0.591846956
0.591846956
0.591846956
0.591846956
0.591846956
0.591846956
0.591846956
0.591846956
0.61351481
0.61351481
0.61351481
0.721429477
0.721429477
0.721429477
0.721429477
0.721429477
0.644272892
0.644272892
0.644272892
0.644272892
0.644272892
0.644272892
0.644272892
0.644272892
0.606054185
0.606054185
0.606054185
0.606054185
0.606054185
0.606054185
0.606054185
0.606054185
0.534959169
0.534959169
0.534959169
0.534959169
0.534959169
0.534959169
0.534959169
0.534959169
0.376228246
0.497144242
0.497144242
0.497144242
0.497144242
0.497144242
0.497144242
0.497144242
0.28726303
0.28726303
0.28726303
0.28726303
0.28726303
0.28726303
0.28726303
0.28726303
0.204586667
0.204586667
0.204586667
0.204586667
0.204586667
0.204586667
0.204586667
0.204586667
0.136843636
0.136843636
0.136843636
0.136843636
0.136843636
0.136843636
0.136843636
0.136843636
0.104671496
0.104671496
0.104671496
0.104671496
0.104671496
0.104671496
0.104671496
0.104671496
0.127780787
0.127780787
0.127780787
0.127780787
0.127780787
0.127780787
0.127780787
0.127780787
0.117075748
0.117075748
0.117075748
0.117075748
0.117075748
0.117075748
0.117075748
0.117075748
0.076464567
0.076464567
0.076464567
0.076464567
0.076464567
0.076464567
0.084950495
0.084950495
0.020010561
0.020010561
0.020010561
0.020010561
0.020010561
0.020010561
0.020010561
0.020010561
0.073434983
0.073434983
0.073434983
0.073434983
0.073434983
0.073434983
0.073434983
0.073434983
0.035490429
0.035490429
0.035490429
0.035490429
0.035490429
0.035490429
0.035490429
0.035490429
0.063052145
0.063052145
0.063052145
0.063052145
0.063052145
0.054153719
0.054153719
0.054153719
0.054153719
0.054153719
0.054153719
0.054153719
0.054153719
0.022813223
0.022813223
0.022813223
0.022813223
0.022813223
0.022813223
0.022813223
0.022813223
0.022038017
0.022038017
0.022038017
0.022038017
0.022038017
0.022038017
0.022038017
0.022038017
0.063234711
0.063234711
0.063234711
0.063234711
0.063234711
0.063234711
0.063234711
0.055623276
0.039842241
0.039842241
0.039842241
0.039842241
0.039842241
0.039842241
0.039842241
0.039842241
0.057766379
0.057766379
0.057766379
0.057766379
0.057766379
0.057766379
0.057766379
0.057766379
0.030100862
0.030100862
0.030100862
0.030100862
0.030100862
0.030100862
0.030100862
0.030100862
0.01695
0.01695
0.01695
0.021333333
0.021333333
0.021333333
0.021333333
0.021333333
0.151049808
0.151049808
0.151049808
0.151049808
0.151049808
0.151049808
0.151049808
0.151049808
0.168950192
0.168950192
0.168950192
0.168950192
0.168950192
0.168950192
0.168950192
0.168950192
0.218727969
0.218727969
0.218727969
0.218727969
0.218727969
0.218727969
0.218727969
0.218727969
0.382283525
0.382283525
0.37524126
0.37524126
0.37524126
0.37524126
0.37524126
0.37524126
0.621350425
0.621350425
0.621350425
0.621350425
0.621350425
0.621350425
0.621350425
0.621350425
0.722923107
0.722923107
0.722923107
0.722923107
0.722923107
0.722923107
0.722923107
0.722923107
0.914755874
0.914755874
0.914755874
0.914755874
0.914755874
0.914755874
0.914755874
0.914755874
0.944583817
0.944583817
0.944583817
0.944583817
0.944583817
0.944583817
0.944583817
0.944583817
0.910775904
0.910775904
0.910775904
0.910775904
0.910775904
0.910775904
0.910775904
0.910775904
0.860851343
0.860851343
0.860851343
0.860851343
0.860851343
0.860851343
0.860851343
0.860851343
0.953846259
0.953846259
0.953846259
0.953846259
0.953846259
0.953846259
0.953846259
0.992331873
0.994355467
0.994355467
0.994355467
0.994355467
0.994355467
0.994355467
0.994355467
0.994355467
1.327863004
1.327863004
1.327863004
1.327863004
1.327863004
1.327863004
1.327863004
1.327863004
1.298279989
1.298279989
1.298279989
1.298279989
1.298279989
1.298279989
1.298279989
1.298279989
1.173009894
1.173009894
1.173009894
1.173009894
1.173009894
0.983927458
0.983927458
0.983927458
0.815803815
0.815803815
0.815803815
0.815803815
0.815803815
0.815803815
0.815803815
0.815803815
0.628523775
0.628523775
0.628523775
0.628523775
0.628523775
0.628523775
0.628523775
0.628523775
0.527083788
0.527083788
0.527083788
0.527083788
0.527083788
0.527083788
0.527083788
0.527083788
0.468644656
0.468644656
0.468644656
0.468644656
0.506573465
0.506573465
0.506573465
0.506573465
0.483420314
0.483420314
0.483420314
0.483420314
0.483420314
0.483420314
0.483420314
0.483420314
0.397884712
0.397884712
0.397884712
0.397884712
0.397884712
0.397884712
0.397884712
0.397884712
0.312349109
0.312349109
0.312349109
0.312349109
0.312349109
0.312349109
0.312349109
0.312349109
0.381895932
0.381895932
0.381895932
0.449069815
0.449069815
0.449069815
0.449069815
0.449069815
0.608828123
0.608828123
0.608828123
0.608828123
0.608828123
0.608828123
0.608828123
0.608828123
0.639444185
0.639444185
0.639444185
0.639444185
0.639444185
0.639444185
0.639444185
0.639444185
0.632149754
0.632149754
0.632149754
0.632149754
0.632149754
0.632149754
0.632149754
0.632149754
0.457288892
0.60425697
0.60425697
0.60425697
0.60425697
0.60425697
0.60425697
0.60425697
0.581585455
0.581585455
0.581585455
0.581585455
0.581585455
0.581585455
0.581585455
0.581585455
0.422749091
0.422749091
0.422749091
0.422749091
0.422749091
0.422749091
0.422749091
0.422749091
0.268392727
0.268392727
0.268392727
0.268392727
0.268392727
0.268392727
0.268392727
0.268392727
0.212911339
0.212911339
0.212911339
0.212911339
0.212911339
0.212911339
0.212911339
0.212911339
0.214780472
0.214780472
0.214780472
0.214780472
0.214780472
0.214780472
0.214780472
0.214780472
0.174679055
0.174679055
0.174679055
0.174679055
0.174679055
0.174679055
0.174679055
0.174679055
0.093456693
0.093456693
0.093456693
0.093456693
0.093456693
0.093456693
0.103828383
0.103828383
0.086083168
0.086083168
0.086083168
0.086083168
0.086083168
0.086083168
0.086083168
0.086083168
0.055689769
0.055689769
0.055689769
0.055689769
0.055689769
0.055689769
0.055689769
0.055689769
0.086271947
0.086271947
0.086271947
0.086271947
0.086271947
0.086271947
0.086271947
0.086271947
0.085516832
0.085516832
0.085516832
0.085516832
0.085516832
0.026024793
0.026024793
0.026024793
0.026024793
0.026024793
0.026024793
0.026024793
0.026024793
0.03322314
0.03322314
0.03322314
0.03322314
0.03322314
0.03322314
0.03322314
0.03322314
0.023920661
0.023920661
0.023920661
0.023920661
0.023920661
0.023920661
0.023920661
0.023920661
0.022923967
0.022923967
0.022923967
0.022923967
0.022923967
0.022923967
0.022923967
0.020164655
0.010618103
0.010618103
0.010618103
0.010618103
0.010618103
0.010618103
0.010618103
0.010618103
0.013150862
0.013150862
0.013150862
0.013150862
0.013150862
0.013150862
0.013150862
0.013150862
0.052993103
0.052993103
0.052993103
0.052993103
0.052993103
0.052993103
0.052993103
0.052993103
0.049973276
0.049973276
0.049973276
0.049973276
0.062896552
0.062896552
0.062896552
0.062896552
0.104827586
0.104827586
0.104827586
0.104827586
0.104827586
0.104827586
0.104827586
0.104827586
0.152521073
0.152521073
0.152521073
0.152521073
0.152521073
0.152521073
0.152521073
0.152521073
0.189670498
0.189670498
0.189670498
0.189670498
0.189670498
0.189670498
0.189670498
0.189670498
0.355800766
0.355800766
0.355800766
0.349246355
0.349246355
0.349246355
0.349246355
0.349246355
0.392089809
0.392089809
0.392089809
0.392089809
0.392089809
0.392089809
0.392089809
0.392089809
0.866857856
0.866857856
0.866857856
0.866857856
0.866857856
0.866857856
0.866857856
0.866857856
1.064346921
1.064346921
1.064346921
1.064346921
1.064346921
1.064346921
1.064346921
1.064346921
1.311900248
1.009698783
1.009698783
1.009698783
1.009698783
1.009698783
1.009698783
1.009698783
1.075184246
1.075184246
1.075184246
1.075184246
1.075184246
1.075184246
1.075184246
1.075184246
0.991266523
0.991266523
0.991266523
0.991266523
0.991266523
0.991266523
0.991266523
0.991266523
0.788141174
0.788141174
0.788141174
0.788141174
0.788141174
0.788141174
0.788141174
0.788141174
0.818688249
0.818688249
0.818688249
0.818688249
0.818688249
0.818688249
0.818688249
0.818688249
0.92275879
0.92275879
0.92275879
0.92275879
0.92275879
0.92275879
0.92275879
0.92275879
0.977973993
0.977973993
0.977973993
0.977973993
0.977973993
0.977973993
0.977973993
0.977973993
0.979419417
0.979419417
0.979419417
0.979419417
0.979419417
0.979419417
0.82154265
0.82154265
1.140735087
1.140735087
1.140735087
1.140735087
1.140735087
1.140735087
1.140735087
1.140735087
1.047135482
1.047135482
1.047135482
1.047135482
1.047135482
1.047135482
1.047135482
1.047135482
0.878122723
0.878122723
0.878122723
0.878122723
0.878122723
0.878122723
0.878122723
0.878122723
0.874566261
0.874566261
0.874566261
0.874566261
0.874566261
0.945347514
0.945347514
0.945347514
0.959676256
0.959676256
0.959676256
0.959676256
0.959676256
0.959676256
0.959676256
0.959676256
0.808700239
0.808700239
0.808700239
0.808700239
0.808700239
0.808700239
0.808700239
0.808700239
0.924640734
0.924640734
0.924640734
0.924640734
0.924640734
0.924640734
0.924640734
0.924640734
0.85701606
0.85701606
0.85701606
0.85701606
1.007761569
1.007761569
1.007761569
1.007761569
0.8521128
0.8521128
0.8521128
0.8521128
0.8521128
0.8521128
0.8521128
0.8521128
0.575746338
0.575746338
0.575746338
0.575746338
0.575746338
0.575746338
0.575746338
0.575746338
0.412494923
0.412494923
0.412494923
0.412494923
0.412494923
0.412494923
0.412494923
0.412494923
0.273798
0.273798
0.361793939
0.361793939
0.361793939
0.361793939
0.361793939
0.361793939
0.246128485
0.246128485
0.246128485
0.246128485
0.246128485
0.246128485
0.246128485
0.246128485
0.292150303
0.292150303
0.292150303
0.292150303
0.292150303
0.292150303
0.292150303
0.292150303
0.195219394
0.195219394
0.195219394
0.195219394
0.195219394
0.195219394
0.195219394
0.195219394
0.123267879
0.154288504
0.154288504
0.154288504
0.154288504
0.154288504
0.154288504
0.154288504
0.132028819
0.132028819
0.132028819
0.132028819
0.132028819
0.132028819
0.132028819
0.132028819
0.085300472
0.085300472
0.085300472
0.085300472
0.085300472
0.085300472
0.085300472
0.085300472
0.071027087
0.071027087
0.071027087
0.071027087
0.071027087
0.071027087
0.071027087
0.078909571
0.077210561
0.077210561
0.077210561
0.077210561
0.077210561
0.077210561
0.077210561
0.077210561
0.064184818
0.064184818
0.064184818
0.064184818
0.064184818
0.064184818
0.064184818
0.064184818
0.033225083
0.033225083
0.033225083
0.033225083
0.033225083
0.033225083
0.033225083
0.033225083
0.104205941
0.104205941
0.104205941
0.104205941
0.104205941
0.104205941
0.026246281
0.026246281
0.026246281
0.026246281
0.026246281
0.026246281
0.026246281
0.026246281
0.046401653
0.046401653
0.046401653
0.046401653
0.046401653
0.046401653
0.046401653
0.046401653
0.042304132
0.042304132
0.042304132
0.042304132
0.042304132
0.042304132
0.042304132
0.042304132
0.021484298
0.021484298
0.021484298
0.021484298
0.021484298
0.021484298
0.021484298
0.018898276
0.025035345
0.025035345
0.025035345
0.025035345
0.025035345
0.025035345
0.025035345
0.025035345
0.041985345
0.041985345
0.041985345
0.041985345
0.041985345
0.041985345
0.041985345
0.041985345
0.042569828
0.042569828
0.042569828
0.042569828
0.042569828
0.042569828
0.042569828
0.042569828
0.057571552
0.057571552
0.057571552
0.07245977
0.07245977
0.07245977
0.07245977
0.07245977
0.135724138
0.135724138
0.135724138
0.135724138
0.135724138
0.135724138
0.135724138
0.135724138
0.138421456
0.138421456
0.138421456
0.138421456
0.138421456
0.138421456
0.138421456
0.138421456
0.20364751
0.20364751
0.20364751
0.20364751
0.20364751
0.20364751
0.20364751
0.20364751
0.343662835
0.343662835
0.337332024
0.337332024
0.337332024
0.337332024
0.337332024
0.337332024
0.501725725
0.501725725
0.501725725
0.501725725
0.501725725
0.501725725
0.501725725
0.501725725
0.705713517
0.705713517
0.705713517
0.705713517
0.705713517
0.705713517
0.705713517
0.705713517
0.763239278
0.763239278
0.763239278
0.763239278
0.763239278
0.763239278
0.763239278
0.763239278
0.499338238
0.499338238
0.499338238
0.499338238
0.499338238
0.499338238
0.499338238
0.499338238
0.828988543
0.828988543
0.828988543
0.828988543
0.828988543
0.828988543
0.828988543
0.828988543
0.855293878
0.855293878
0.855293878
0.855293878
0.855293878
0.855293878
0.855293878
0.855293878
0.836305872
0.836305872
0.836305872
0.836305872
0.836305872
0.836305872
0.836305872
0.870048988
1.02625116
1.02625116
1.02625116
1.02625116
1.02625116
1.02625116
1.02625116
1.02625116
1.149594023
1.149594023
1.149594023
1.149594023
1.149594023
1.149594023
1.149594023
1.149594023
1.003413458
1.003413458
1.003413458
1.003413458
1.003413458
1.003413458
1.003413458
1.003413458
0.847982179
0.847982179
0.847982179
0.847982179
0.847982179
0.711292338
0.711292338
0.711292338
0.719051891
0.719051891
0.719051891
0.719051891
0.719051891
0.719051891
0.719051891
0.719051891
0.527326274
0.527326274
0.527326274
0.527326274
0.527326274
0.527326274
0.527326274
0.527326274
0.481738902
0.481738902
0.481738902
0.481738902
0.481738902
0.481738902
0.481738902
0.481738902
0.557152055
0.557152055
0.557152055
0.557152055
0.602244031
0.602244031
0.602244031
0.602244031
0.616834884
0.616834884
0.616834884
0.616834884
0.616834884
0.616834884
0.616834884
0.616834884
0.569480138
0.569480138
0.569480138
0.569480138
0.569480138
0.569480138
0.569480138
0.569480138
0.701322042
0.701322042
0.701322042
0.701322042
0.701322042
0.701322042
0.701322042
0.701322042
0.651346185
0.651346185
0.651346185
0.765915231
0.765915231
0.765915231
0.765915231
0.765915231
0.595472123
0.595472123
0.595472123
0.595472123
0.595472123
0.595472123
0.595472123
0.595472123
0.552630185
0.552630185
0.552630185
0.552630185
0.552630185
0.552630185
0.552630185
0.552630185
0.561671169
0.561671169
0.561671169
0.561671169
0.561671169
0.561671169
0.561671169
0.561671169
0.411467538
0.543709091
0.543709091
0.543709091
0.543709091
0.543709091
0.543709091
0.543709091
0.486283636
0.486283636
0.486283636
0.486283636
0.486283636
0.486283636
0.486283636
0.486283636
0.368989091
0.368989091
0.368989091
0.368989091
0.368989091
0.368989091
0.368989091
0.368989091
0.205265455
0.205265455
0.205265455
0.205265455
0.205265455
0.205265455
0.205265455
0.205265455
0.242137795
0.242137795
0.242137795
0.242137795
0.242137795
0.242137795
0.242137795
0.242137795
0.159895906
0.159895906
0.159895906
0.159895906
0.159895906
0.159895906
0.159895906
0.159895906
0.104841417
0.104841417
0.104841417
0.104841417
0.104841417
0.104841417
0.104841417
0.104841417
0.085470394
0.085470394
0.085470394
0.085470394
0.085470394
0.085470394
0.094955776
0.094955776
0.0134033
0.0134033
0.0134033
0.0134033
0.0134033
0.0134033
0.0134033
0.0134033
0.057766337
0.057766337
0.057766337
0.057766337
0.057766337
0.057766337
0.057766337
0.057766337
0.07400132
0.07400132
0.07400132
0.07400132
0.07400132
0.07400132
0.07400132
0.07400132
0.090991419
0.090991419
0.090991419
0.090991419
0.090991419
0.054153719
0.054153719
0.054153719
0.054153719
0.054153719
0.054153719
0.054153719
0.054153719
0.05448595
0.05448595
0.05448595
0.05448595
0.05448595
0.05448595
0.05448595
0.05448595
0.049280992
0.049280992
0.049280992
0.049280992
0.049280992
0.049280992
0.049280992
0.049280992
0.055150413
0.055150413
0.055150413
0.055150413
0.055150413
0.055150413
0.055150413
0.048512069
0.046953448
0.046953448
0.046953448
0.046953448
0.046953448
0.046953448
0.046953448
0.046953448
0.041011207
0.041011207
0.041011207
0.041011207
0.041011207
0.041011207
0.041011207
0.041011207
0.024743103
0.024743103
0.024743103
0.024743103
0.024743103
0.024743103
0.024743103
0.024743103
0.081048276
0.081048276
0.081048276
0.102007663
0.102007663
0.102007663
0.102007663
0.102007663
0.133762452
0.133762452
0.133762452
0.133762452
0.133762452
0.133762452
0.133762452
0.133762452
0.066819923
0.066819923
0.066819923
0.066819923
0.066819923
0.066819923
0.066819923
0.066819923
0.072337165
0.072337165
0.072337165
0.072337165
0.072337165
0.072337165
0.072337165
0.072337165
0.136827586
0.136827586
0.134307006
0.134307006
0.134307006
0.134307006
0.134307006
0.134307006
0.344793524
0.344793524
0.344793524
0.344793524
0.344793524
0.344793524
0.344793524
0.344793524
0.65143712
0.65143712
0.65143712
0.65143712
0.65143712
0.65143712
0.65143712
0.65143712
0.649992958
0.649992958
0.649992958
0.649992958
0.649992958
0.649992958
0.649992958
0.649992958
0.633087898
0.633087898
0.633087898
0.633087898
0.633087898
0.633087898
0.633087898
0.633087898
0.896974866
0.896974866
0.896974866
0.896974866
0.896974866
0.896974866
0.896974866
0.896974866
1.041746831
1.041746831
1.041746831
1.041746831
1.041746831
1.041746831
1.041746831
1.041746831
0.914573505
0.914573505
0.914573505
0.914573505
0.914573505
0.914573505
0.914573505
0.95147455
0.776192779
0.776192779
0.776192779
0.776192779
0.776192779
0.776192779
0.776192779
0.776192779
0.662389716
0.662389716
0.662389716
0.662389716
0.662389716
0.662389716
0.662389716
0.662389716
0.763183961
0.763183961
0.763183961
0.763183961
0.763183961
0.763183961
0.763183961
0.763183961
0.748922443
0.748922443
0.748922443
0.748922443
0.748922443
0.62820046
0.62820046
0.62820046
0.516737718
0.516737718
0.516737718
0.516737718
0.516737718
0.516737718
0.516737718
0.516737718
0.382804604
0.382804604
0.382804604
0.382804604
0.382804604
0.382804604
0.382804604
0.382804604
0.482385531
0.482385531
0.482385531
0.482385531
0.482385531
0.482385531
0.482385531
0.482385531
0.508331536
0.508331536
0.508331536
0.508331536
0.549472321
0.549472321
0.549472321
0.549472321
0.45738394
0.45738394
0.45738394
0.45738394
0.45738394
0.45738394
0.45738394
0.45738394
0.324144111
0.324144111
0.324144111
0.324144111
0.324144111
0.324144111
0.324144111
0.324144111
0.272945068
0.272945068
0.272945068
0.272945068
0.272945068
0.272945068
0.272945068
0.272945068
0.406971231
0.406971231
0.406971231
0.478555754
0.478555754
0.478555754
0.478555754
0.478555754
0.7666344
0.7666344
0.7666344
0.7666344
0.7666344
0.7666344
0.7666344
0.7666344
0.7105392
0.7105392
0.7105392
0.7105392
0.7105392
0.7105392
0.7105392
0.7105392
0.692046277
0.692046277
0.692046277
0.692046277
0.692046277
0.692046277
0.692046277
0.692046277
0.5382468
0.711233939
0.711233939
0.711233939
0.711233939
0.711233939
0.711233939
0.711233939
0.383515152
0.383515152
0.383515152
0.383515152
0.383515152
0.383515152
0.383515152
0.383515152
0.285633939
0.285633939
0.285633939
0.285633939
0.285633939
0.285633939
0.285633939
0.285633939
0.222778182
0.222778182
0.222778182
0.222778182
0.222778182
0.222778182
0.222778182
0.222778182
0.135597165
0.135597165
0.135597165
0.135597165
0.135597165
0.135597165
0.135597165
0.135597165
0.117755433
0.117755433
0.117755433
0.117755433
0.117755433
0.117755433
0.117755433
0.117755433
0.104671496
0.104671496
0.104671496
0.104671496
0.104671496
0.104671496
0.104671496
0.104671496
0.100933228
0.100933228
0.100933228
0.100933228
0.100933228
0.100933228
0.112134653
0.112134653
0.019444224
0.019444224
0.019444224
0.019444224
0.019444224
0.019444224
0.019444224
0.019444224
0.077588119
0.077588119
0.077588119
0.077588119
0.077588119
0.077588119
0.077588119
0.077588119
0.032281188
0.032281188
0.032281188
0.032281188
0.032281188
0.032281188
0.032281188
0.032281188
0.056633663
0.056633663
0.056633663
0.056633663
0.056633663
0.021595041
0.021595041
0.021595041
0.021595041
0.021595041
0.021595041
0.021595041
0.021595041
0.007973554
0.007973554
0.007973554
0.007973554
0.007973554
0.007973554
0.007973554
0.007973554
0
0
0
0
0
0
0
0
0.00874876
0.00874876
0.00874876
0.00874876
0.00874876
0.00874876
0.00874876
0.00769569
0.015975862
0.015975862
0.015975862
0.015975862
0.015975862
0.015975862
0.015975862
0.015975862
0.008475
0.008475
0.008475
0.008475
0.008475
0.008475
0.008475
0.008475
0.069748276
0.069748276
0.069748276
0.069748276
0.069748276
0.069748276
0.069748276
0.069748276
0.057766379
0.057766379
0.057766379
0.072704981
0.072704981
0.072704981
0.072704981
0.072704981
0.084475096
0.084475096
0.084475096
0.084475096
0.084475096
0.084475096
0.084475096
0.084475096
0.189547893
0.189547893
0.189547893
0.189547893
0.189547893
0.189547893
0.189547893
0.189547893
0.411954023
0.411954023
0.411954023
0.411954023
0.411954023
0.411954023
0.411954023
0.411954023
0.607386973
0.607386973
0.596197948
0.596197948
0.596197948
0.596197948
0.596197948
0.596197948
0.396662987
0.396662987
0.396662987
0.396662987
0.396662987
0.396662987
0.396662987
0.396662987
0.723043454
0.723043454
0.723043454
0.723043454
0.723043454
0.723043454
0.723043454
0.723043454
1.051951203
1.051951203
1.051951203
1.051951203
1.051951203
1.051951203
1.051951203
1.051951203
0.954309381
0.954309381
0.954309381
0.954309381
0.954309381
0.954309381
0.954309381
0.954309381
1.228477658
1.228477658
1.228477658
1.228477658
1.228477658
1.228477658
1.228477658
1.228477658
1.185407304
1.185407304
1.185407304
1.185407304
1.185407304
1.185407304
1.185407304
1.185407304
1.027482671
1.027482671
1.027482671
1.027482671
1.027482671
1.027482671
1.027482671
1.068939354
1.477512586
1.477512586
1.477512586
1.477512586
1.477512586
1.477512586
1.477512586
1.477512586
1.01006241
1.01006241
1.01006241
1.01006241
1.01006241
1.01006241
1.01006241
1.01006241
1.009580601
1.009580601
1.009580601
1.009580601
1.009580601
1.009580601
1.009580601
1.009580601
0.806546686
0.806546686
0.806546686
0.806546686
0.806546686
0.676536008
0.676536008
0.676536008
0.96614515
0.96614515
0.96614515
0.96614515
0.96614515
0.96614515
0.96614515
0.96614515
1.095390201
1.095390201
1.095390201
1.095390201
1.095390201
1.095390201
1.095390201
1.095390201
1.106867872
1.106867872
1.106867872
1.106867872
1.106867872
1.106867872
1.106867872
1.106867872
0.842073134
0.842073134
0.842073134
0.842073134
0.910224621
0.910224621
0.910224621
0.910224621
0.908302473
0.908302473
0.908302473
0.908302473
0.908302473
0.908302473
0.908302473
0.908302473
0.695642967
0.695642967
0.695642967
0.695642967
0.695642967
0.695642967
0.695642967
0.695642967
0.843823132
0.843823132
0.843823132
0.843823132
0.843823132
0.843823132
0.843823132
0.843823132
0.732163786
0.732163786
0.732163786
0.860948308
0.860948308
0.860948308
0.860948308
0.860948308
0.774545262
0.774545262
0.774545262
0.774545262
0.774545262
0.774545262
0.774545262
0.774545262
0.702114646
0.702114646
0.702114646
0.702114646
0.702114646
0.702114646
0.702114646
0.702114646
0.553143877
0.553143877
0.553143877
0.553143877
0.553143877
0.553143877
0.553143877
0.553143877
0.412186708
0.544659394
0.544659394
0.544659394
0.544659394
0.544659394
0.544659394
0.544659394
0.379713939
0.379713939
0.379713939
0.379713939
0.379713939
0.379713939
0.379713939
0.379713939
0.329347879
0.329347879
0.329347879
0.329347879
0.329347879
0.329347879
0.329347879
0.329347879
0.281289697
0.281289697
0.281289697
0.281289697
0.281289697
0.281289697
0.281289697
0.281289697
0.283428661
0.283428661
0.283428661
0.283428661
0.283428661
0.283428661
0.283428661
0.283428661
0.220557795
0.220557795
0.220557795
0.220557795
0.220557795
0.220557795
0.220557795
0.220557795
0.115206614
0.115206614
0.115206614
0.115206614
0.115206614
0.115206614
0.115206614
0.115206614
0.062870866
0.062870866
0.062870866
0.062870866
0.062870866
0.062870866
0.069848185
0.069848185
0.044740594
0.044740594
0.044740594
0.044740594
0.044740594
0.044740594
0.044740594
0.044740594
0.013969637
0.013969637
0.013969637
0.013969637
0.013969637
0.013969637
0.013969637
0.013969637
0.047572277
0.047572277
0.047572277
0.047572277
0.047572277
0.047572277
0.047572277
0.047572277
0.020765677
0.020765677
0.020765677
0.020765677
0.020765677
0.034552066
0.034552066
0.034552066
0.034552066
0.034552066
0.034552066
0.034552066
0.034552066
0.038649587
0.038649587
0.038649587
0.038649587
0.038649587
0.038649587
0.038649587
0.038649587
0.009966942
0.009966942
0.009966942
0.009966942
0.009966942
0.009966942
0.009966942
0.009966942
0.044519008
0.044519008
0.044519008
0.044519008
0.044519008
0.044519008
0.044519008
0.039160345
0.040718966
0.040718966
0.040718966
0.040718966
0.040718966
0.040718966
0.040718966
0.040718966
0.030490517
0.030490517
0.030490517
0.030490517
0.030490517
0.030490517
0.030490517
0.030490517
0.044518103
0.044518103
0.044518103
0.044518103
0.044518103
0.044518103
0.044518103
0.044518103
0.08475
0.08475
0.08475
0.08475
0.106666667
0.106666667
0.106666667
0.106666667
0.091095785
0.091095785
0.091095785
0.091095785
0.091095785
0.091095785
0.091095785
0.091095785
0.140383142
0.140383142
0.140383142
0.140383142
0.140383142
0.140383142
0.140383142
0.140383142
0.254896552
0.254896552
0.254896552
0.254896552
0.254896552
0.254896552
0.254896552
0.254896552
0.265685824
0.265685824
0.265685824
0.260791472
0.260791472
0.260791472
0.260791472
0.260791472
0.365372824
0.365372824
0.365372824
0.365372824
0.365372824
0.365372824
0.365372824
0.365372824
0.590661996
0.590661996
0.590661996
0.590661996
0.590661996
0.590661996
0.590661996
0.590661996
0.884428485
0.884428485
0.884428485
0.884428485
0.884428485
0.884428485
0.884428485
0.884428485
1.067957325
0.821949087
0.821949087
0.821949087
0.821949087
0.821949087
0.821949087
0.821949087
1.012107018
1.012107018
1.012107018
1.012107018
1.012107018
1.012107018
1.012107018
1.012107018
1.109455281
1.109455281
1.109455281
1.109455281
1.109455281
1.109455281
1.109455281
1.109455281
1.107232295
1.107232295
1.107232295
1.107232295
1.107232295
1.107232295
1.107232295
1.107232295
1.296834565
1.296834565
1.296834565
1.296834565
1.296834565
1.296834565
1.296834565
1.296834565
1.220805253
1.220805253
1.220805253
1.220805253
1.220805253
1.220805253
1.220805253
1.220805253
1.30550711
1.30550711
1.30550711
1.30550711
1.30550711
1.30550711
1.30550711
1.30550711
1.263975255
1.263975255
1.263975255
1.263975255
1.263975255
1.263975255
1.060229727
1.060229727
0.943674778
0.943674778
0.943674778
0.943674778
0.943674778
0.943674778
0.943674778
0.943674778
0.907382703
0.907382703
0.907382703
0.907382703
0.907382703
0.907382703
0.907382703
0.907382703
0.86793831
0.86793831
0.86793831
0.86793831
0.86793831
0.86793831
0.86793831
0.86793831
0.669180598
0.669180598
0.669180598
0.669180598
0.669180598
0.723339378
0.723339378
0.723339378
0.566771656
0.566771656
0.566771656
0.566771656
0.566771656
0.566771656
0.566771656
0.566771656
0.523610689
0.523610689
0.523610689
0.523610689
0.523610689
0.523610689
0.523610689
0.523610689
0.578391917
0.578391917
0.578391917
0.578391917
0.578391917
0.578391917
0.578391917
0.578391917
0.534444616
0.534444616
0.534444616
0.534444616
0.628451169
0.628451169
0.628451169
0.628451169
0.557253415
0.557253415
0.557253415
0.557253415
0.557253415
0.557253415
0.557253415
0.557253415
0.614478738
0.614478738
0.614478738
0.614478738
0.614478738
0.614478738
0.614478738
0.614478738
0.531774277
0.531774277
0.531774277
0.531774277
0.531774277
0.531774277
0.531774277
0.531774277
0.3926664
0.3926664
0.518865455
0.518865455
0.518865455
0.518865455
0.518865455
0.518865455
0.382700606
0.382700606
0.382700606
0.382700606
0.382700606
0.382700606
0.382700606
0.382700606
0.267713939
0.267713939
0.267713939
0.267713939
0.267713939
0.267713939
0.267713939
0.267713939
0.207437576
0.207437576
0.207437576
0.207437576
0.207437576
0.207437576
0.207437576
0.207437576
0.149333333
0.186913386
0.186913386
0.186913386
0.186913386
0.186913386
0.186913386
0.186913386
0.085980157
0.085980157
0.085980157
0.085980157
0.085980157
0.085980157
0.085980157
0.085980157
0.079013386
0.079013386
0.079013386
0.079013386
0.079013386
0.079013386
0.079013386
0.079013386
0.06474
0.06474
0.06474
0.06474
0.06474
0.06474
0.06474
0.071924752
0.060220462
0.060220462
0.060220462
0.060220462
0.060220462
0.060220462
0.060220462
0.060220462
0.04039868
0.04039868
0.04039868
0.04039868
0.04039868
0.04039868
0.04039868
0.04039868
0.051725413
0.051725413
0.051725413
0.051725413
0.051725413
0.051725413
0.051725413
0.051725413
0.088348515
0.088348515
0.088348515
0.088348515
0.088348515
0.088348515
0.035991736
0.035991736
0.035991736
0.035991736
0.035991736
0.035991736
0.035991736
0.035991736
0.031561983
0.031561983
0.031561983
0.031561983
0.031561983
0.031561983
0.031561983
0.031561983
0.037542149
0.037542149
0.037542149
0.037542149
0.037542149
0.037542149
0.037542149
0.037542149
0.001882645
0.001882645
0.001882645
0.001882645
0.001882645
0.001882645
0.001882645
0.001656034
0.047050862
0.047050862
0.047050862
0.047050862
0.047050862
0.047050862
0.047050862
0.047050862
0.060006897
0.060006897
0.060006897
0.060006897
0.060006897
0.060006897
0.060006897
0.060006897
0.07267069
0.07267069
0.07267069
0.07267069
0.07267069
0.07267069
0.07267069
0.07267069
0.077931034
0.077931034
0.077931034
0.098084291
0.098084291
0.098084291
0.098084291
0.098084291
0.081164751
0.081164751
0.081164751
0.081164751
0.081164751
0.081164751
0.081164751
0.081164751
0.106911877
0.106911877
0.106911877
0.106911877
0.106911877
0.106911877
0.106911877
0.106911877
0.140137931
0.140137931
0.140137931
0.140137931
0.140137931
0.140137931
0.140137931
0.140137931
0.221915709
0.221915709
0.217827672
0.217827672
0.217827672
0.217827672
0.217827672
0.217827672
0.280167304
0.280167304
0.280167304
0.280167304
0.280167304
0.280167304
0.280167304
0.280167304
0.414715004
0.414715004
0.414715004
0.414715004
0.414715004
0.414715004
0.414715004
0.414715004
0.688503928
0.688503928
0.688503928
0.688503928
0.688503928
0.688503928
0.688503928
0.688503928
0.588072431
0.588072431
0.588072431
0.588072431
0.588072431
0.588072431
0.588072431
0.588072431
0.689588793
0.689588793
0.689588793
0.689588793
0.689588793
0.689588793
0.689588793
0.689588793
1.110288901
1.110288901
1.110288901
1.110288901
1.110288901
1.110288901
1.110288901
1.110288901
1.228107161
1.228107161
1.228107161
1.228107161
1.228107161
1.228107161
1.228107161
1.277658604
1.221287061
1.221287061
1.221287061
1.221287061
1.221287061
1.221287061
1.221287061
1.221287061
1.040898125
1.040898125
1.040898125
1.040898125
1.040898125
1.040898125
1.040898125
1.040898125
0.987899239
0.987899239
0.987899239
0.987899239
0.987899239
0.987899239
0.987899239
0.987899239
0.886334101
0.886334101
0.886334101
0.886334101
0.886334101
0.743462151
0.743462151
0.743462151
0.661421046
0.661421046
0.661421046
0.661421046
0.661421046
0.661421046
0.661421046
0.661421046
0.585684577
0.585684577
0.585684577
0.585684577
0.585684577
0.585684577
0.585684577
0.585684577
0.516576061
0.516576061
0.516576061
0.516576061
0.516576061
0.516576061
0.516576061
0.516576061
0.625290628
0.625290628
0.625290628
0.625290628
0.675897261
0.675897261
0.675897261
0.675897261
0.772703643
0.772703643
0.772703643
0.772703643
0.772703643
0.772703643
0.772703643
0.772703643
0.733998564
0.733998564
0.733998564
0.733998564
0.733998564
0.733998564
0.733998564
0.733998564
0.655714704
0.655714704
0.655714704
0.655714704
0.655714704
0.655714704
0.655714704
0.655714704
0.655190481
0.655190481
0.655190481
0.770435723
0.770435723
0.770435723
0.770435723
0.770435723
0.542048123
0.542048123
0.542048123
0.542048123
0.542048123
0.542048123
0.542048123
0.542048123
0.399858092
0.399858092
0.399858092
0.399858092
0.399858092
0.399858092
0.399858092
0.399858092
0.540815262
0.540815262
0.540815262
0.540815262
0.540815262
0.540815262
0.540815262
0.540815262
0.354961385
0.469042424
0.469042424
0.469042424
0.469042424
0.469042424
0.469042424
0.469042424
0.294050909
0.294050909
0.294050909
0.294050909
0.294050909
0.294050909
0.294050909
0.294050909
0.293643636
0.293643636
0.293643636
0.293643636
0.293643636
0.293643636
0.293643636
0.293643636
0.215718788
0.215718788
0.215718788
0.215718788
0.215718788
0.215718788
0.215718788
0.215718788
0.297871969
0.297871969
0.297871969
0.297871969
0.297871969
0.297871969
0.297871969
0.297871969
0.214270709
0.214270709
0.214270709
0.214270709
0.214270709
0.214270709
0.214270709
0.214270709
0.154628346
0.154628346
0.154628346
0.154628346
0.154628346
0.154628346
0.154628346
0.154628346
0.105691024
0.105691024
0.105691024
0.105691024
0.105691024
0.105691024
0.117420462
0.117420462
0.03530165
0.03530165
0.03530165
0.03530165
0.03530165
0.03530165
0.03530165
0.03530165
0.093067987
0.093067987
0.093067987
0.093067987
0.093067987
0.093067987
0.093067987
0.093067987
0.061541914
0.061541914
0.061541914
0.061541914
0.061541914
0.061541914
0.061541914
0.061541914
0
0
0
0
0
0
0
0
0
0
0
0
0
0.02447438
0.02447438
0.02447438
0.02447438
0.02447438
0.02447438
0.02447438
0.02447438
0.059358678
0.059358678
0.059358678
0.059358678
0.059358678
0.059358678
0.059358678
0.059358678
0.014507438
0.014507438
0.014507438
0.014507438
0.014507438
0.014507438
0.014507438
0.012761207
0.005162931
0.005162931
0.005162931
0.005162931
0.005162931
0.005162931
0.005162931
0.005162931
0.010812931
0.010812931
0.010812931
0.010812931
0.010812931
0.010812931
0.010812931
0.010812931
0.033218103
0.033218103
0.033218103
0.033218103
0.033218103
0.033218103
0.033218103
0.033218103
0.055233621
0.055233621
0.055233621
0.069517241
0.069517241
0.069517241
0.069517241
0.069517241
0.095264368
0.095264368
0.095264368
0.095264368
0.095264368
0.095264368
0.095264368
0.095264368
0.115616858
0.115616858
0.115616858
0.115616858
0.115616858
0.115616858
0.115616858
0.115616858
0.244229885
0.244229885
0.244229885
0.244229885
0.244229885
0.244229885
0.244229885
0.244229885
0.448490421
0.448490421
0.440228521
0.440228521
0.440228521
0.440228521
0.440228521
0.440228521
0.649631918
0.649631918
0.649631918
0.649631918
0.649631918
0.649631918
0.649631918
0.649631918
0.691632944
0.691632944
0.691632944
0.691632944
0.691632944
0.691632944
0.691632944
0.691632944
1.317917587
1.317917587
1.317917587
1.317917587
1.317917587
1.317917587
1.317917587
1.317917587
1.07064565
1.07064565
1.07064565
1.07064565
1.07064565
1.07064565
1.07064565
1.07064565
0.87483763
0.87483763
0.87483763
0.87483763
0.87483763
0.87483763
0.87483763
0.87483763
1.359633835
1.359633835
1.359633835
1.359633835
1.359633835
1.359633835
1.359633835
1.359633835
1.287386788
1.287386788
1.287386788
1.287386788
1.287386788
1.287386788
1.287386788
1.339330035
1.126081789
1.126081789
1.126081789
1.126081789
1.126081789
1.126081789
1.126081789
1.126081789
1.040030871
1.040030871
1.040030871
1.040030871
1.040030871
1.040030871
1.040030871
1.040030871
0.990693726
0.990693726
0.990693726
0.990693726
0.990693726
0.990693726
0.990693726
0.990693726
0.897222963
0.897222963
0.897222963
0.897222963
0.897222963
0.752595791
0.752595791
0.752595791
0.737238343
0.737238343
0.737238343
0.737238343
0.737238343
0.737238343
0.737238343
0.737238343
1.000174022
1.000174022
1.000174022
1.000174022
1.000174022
1.000174022
1.000174022
1.000174022
0.975359619
0.975359619
0.975359619
0.975359619
0.975359619
0.975359619
0.975359619
0.975359619
0.849428543
0.849428543
0.849428543
0.849428543
0.918175326
0.918175326
0.918175326
0.918175326
0.81568987
0.81568987
0.81568987
0.81568987
0.81568987
0.81568987
0.81568987
0.81568987
0.624610848
0.624610848
0.624610848
0.624610848
0.624610848
0.624610848
0.624610848
0.624610848
0.478964424
0.478964424
0.478964424
0.478964424
0.478964424
0.478964424
0.478964424
0.478964424
0.451355384
0.451355384
0.451355384
0.530746892
0.530746892
0.530746892
0.530746892
0.530746892
0.532287969
0.532287969
0.532287969
0.532287969
0.532287969
0.532287969
0.532287969
0.532287969
0.661122
0.661122
0.661122
0.661122
0.661122
0.661122
0.661122
0.661122
0.649512554
0.649512554
0.649512554
0.649512554
0.649512554
0.649512554
0.649512554
0.649512554
0.615506123
0.813323636
0.813323636
0.813323636
0.813323636
0.813323636
0.813323636
0.813323636
0.692770909
0.692770909
0.692770909
0.692770909
0.692770909
0.692770909
0.692770909
0.692770909
0.46198303
0.46198303
0.46198303
0.46198303
0.46198303
0.46198303
0.46198303
0.46198303
0.401842424
0.401842424
0.401842424
0.401842424
0.401842424
0.401842424
0.401842424
0.401842424
0.340692126
0.340692126
0.340692126
0.340692126
0.340692126
0.340692126
0.340692126
0.340692126
0.224465984
0.224465984
0.224465984
0.224465984
0.224465984
0.224465984
0.224465984
0.224465984
0.198807874
0.198807874
0.198807874
0.198807874
0.198807874
0.198807874
0.198807874
0.198807874
0.105691024
0.105691024
0.105691024
0.105691024
0.105691024
0.105691024
0.117420462
0.117420462
0.096466007
0.096466007
0.096466007
0.096466007
0.096466007
0.096466007
0.096466007
0.096466007
0.07570033
0.07570033
0.07570033
0.07570033
0.07570033
0.07570033
0.07570033
0.07570033
0.064751155
0.064751155
0.064751155
0.064751155
0.064751155
0.064751155
0.064751155
0.064751155
0.069659406
0.069659406
0.069659406
0.069659406
0.069659406
0.041971901
0.041971901
0.041971901
0.041971901
0.041971901
0.041971901
0.041971901
0.041971901
0.001771901
0.001771901
0.001771901
0.001771901
0.001771901
0.001771901
0.001771901
0.001771901
0.034884298
0.034884298
0.034884298
0.034884298
0.034884298
0.034884298
0.034884298
0.034884298
0.063234711
0.063234711
0.063234711
0.063234711
0.063234711
0.063234711
0.063234711
0.055623276
0
0
0
0
0
0
0
0
0.068968966
0.068968966
0.068968966
0.068968966
0.068968966
0.068968966
0.068968966
0.068968966
0.103648276
0.103648276
0.103648276
0.103648276
0.103648276
0.103648276
0.103648276
0.103648276
0.109882759
0.109882759
0.109882759
0.138298851
0.138298851
0.138298851
0.138298851
0.138298851
0.158528736
0.158528736
0.158528736
0.158528736
0.158528736
0.158528736
0.158528736
0.158528736
0.238957854
0.238957854
0.238957854
0.238957854
0.238957854
0.238957854
0.238957854
0.238957854
0.248888889
0.248888889
0.248888889
0.248888889
0.248888889
0.248888889
0.248888889
0.248888889
0.365118774
0.365118774
0.358392711
0.358392711
0.358392711
0.358392711
0.358392711
0.358392711
0.48920966
0.48920966
0.48920966
0.48920966
0.48920966
0.48920966
0.48920966
0.48920966
0.544208139
0.544208139
0.544208139
0.544208139
0.544208139
0.544208139
0.544208139
0.544208139
0.527479936
0.527479936
0.527479936
0.527479936
0.527479936
0.527479936
0.527479936
0.527479936
0.535461762
0.535461762
0.535461762
0.535461762
0.535461762
0.535461762
0.535461762
0.535461762
0.802775832
0.802775832
0.802775832
0.802775832
0.802775832
0.802775832
0.802775832
0.802775832
1.029335159
1.029335159
1.029335159
1.029335159
1.029335159
1.029335159
1.029335159
1.029335159
1.099081346
1.099081346
1.099081346
1.099081346
1.099081346
1.099081346
1.099081346
1.14342688
0.921698812
0.921698812
0.921698812
0.921698812
0.921698812
0.921698812
0.921698812
0.921698812
0.788719788
0.788719788
0.788719788
0.788719788
0.788719788
0.788719788
0.788719788
0.788719788
0.606596343
0.606596343
0.606596343
0.606596343
0.606596343
0.606596343
0.606596343
0.606596343
0.47602636
0.47602636
0.47602636
0.47602636
0.47602636
0.399293653
0.399293653
0.399293653
0.311917856
0.311917856
0.311917856
0.311917856
0.311917856
0.311917856
0.311917856
0.311917856
0.267219599
0.267219599
0.267219599
0.267219599
0.267219599
0.267219599
0.267219599
0.267219599
0.23545393
0.23545393
0.23545393
0.23545393
0.23545393
0.23545393
0.23545393
0.23545393
0.18905827
0.18905827
0.18905827
0.18905827
0.204359319
0.204359319
0.204359319
0.204359319
0.256432066
0.256432066
0.256432066
0.256432066
0.256432066
0.256432066
0.256432066
0.256432066
0.262460622
0.262460622
0.262460622
0.262460622
0.262460622
0.262460622
0.262460622
0.262460622
0.256344696
0.256344696
0.256344696
0.256344696
0.256344696
0.256344696
0.256344696
0.256344696
0.348433076
0.348433076
0.348433076
0.409720985
0.409720985
0.409720985
0.409720985
0.409720985
0.509171815
0.509171815
0.509171815
0.509171815
0.509171815
0.509171815
0.509171815
0.509171815
0.314996123
0.314996123
0.314996123
0.314996123
0.314996123
0.314996123
0.314996123
0.314996123
0.355988769
0.355988769
0.355988769
0.355988769
0.355988769
0.355988769
0.355988769
0.355988769
0.317359108
0.419355152
0.419355152
0.419355152
0.419355152
0.419355152
0.419355152
0.419355152
0.401299394
0.401299394
0.401299394
0.401299394
0.401299394
0.401299394
0.401299394
0.401299394
0.46646303
0.46646303
0.46646303
0.46646303
0.46646303
0.46646303
0.46646303
0.46646303
0.366409697
0.366409697
0.366409697
0.366409697
0.366409697
0.366409697
0.366409697
0.366409697
0.340182362
0.340182362
0.340182362
0.340182362
0.340182362
0.340182362
0.340182362
0.340182362
0.321660945
0.321660945
0.321660945
0.321660945
0.321660945
0.321660945
0.321660945
0.321660945
0.242137795
0.242137795
0.242137795
0.242137795
0.242137795
0.242137795
0.242137795
0.242137795
0.18606378
0.18606378
0.18606378
0.18606378
0.18606378
0.18606378
0.206712871
0.206712871
0.074190099
0.074190099
0.074190099
0.074190099
0.074190099
0.074190099
0.074190099
0.074190099
0.101751815
0.101751815
0.101751815
0.101751815
0.101751815
0.101751815
0.101751815
0.101751815
0.0706033
0.0706033
0.0706033
0.0706033
0.0706033
0.0706033
0.0706033
0.0706033
0.180850165
0.180850165
0.180850165
0.180850165
0.180850165
0.078628099
0.078628099
0.078628099
0.078628099
0.078628099
0.078628099
0.078628099
0.078628099
0.066889256
0.066889256
0.066889256
0.066889256
0.066889256
0.066889256
0.066889256
0.066889256
0.103323967
0.103323967
0.103323967
0.103323967
0.103323967
0.103323967
0.103323967
0.103323967
0.118606612
0.118606612
0.118606612
0.118606612
0.118606612
0.118606612
0.118606612
0.104330172
0.081827586
0.081827586
0.081827586
0.081827586
0.081827586
0.081827586
0.081827586
0.081827586
0.048025
0.048025
0.048025
0.048025
0.048025
0.048025
0.048025
0.048025
0.140275862
0.140275862
0.140275862
0.140275862
0.140275862
0.140275862
0.140275862
0.140275862
0.239053448
0.239053448
0.239053448
0.239053448
0.300873563
0.300873563
0.300873563
0.300873563
0.304429119
0.304429119
0.304429119
0.304429119
0.304429119
0.304429119
0.304429119
0.304429119
0.380076628
0.380076628
0.380076628
0.380076628
0.380076628
0.380076628
0.380076628
0.380076628
0.553195402
0.553195402
0.553195402
0.553195402
0.553195402
0.553195402
0.553195402
0.553195402
0.816429119
0.816429119
0.816429119
0.801389207
0.801389207
0.801389207
0.801389207
0.801389207
0.957238287
0.957238287
0.957238287
0.957238287
0.957238287
0.957238287
0.957238287
0.957238287
1.501927813
1.501927813
1.501927813
1.501927813
1.501927813
1.501927813
1.501927813
1.501927813
1.678235846
1.678235846
1.678235846
1.678235846
1.678235846
1.678235846
1.678235846
1.678235846
1.55885184
1.199764089
1.199764089
1.199764089
1.199764089
1.199764089
1.199764089
1.199764089
0.946806803
0.946806803
0.946806803
0.946806803
0.946806803
0.946806803
0.946806803
0.946806803
1.13983609
1.13983609
1.13983609
1.13983609
1.13983609
1.13983609
1.13983609
1.13983609
1.013033262
1.013033262
1.013033262
1.013033262
1.013033262
1.013033262
1.013033262
1.013033262
0.883635975
0.883635975
0.883635975
0.883635975
0.883635975
0.883635975
0.883635975
0.883635975
0.976817654
0.976817654
0.976817654
0.976817654
0.976817654
0.976817654
0.976817654
0.976817654
1.042054464
1.042054464
1.042054464
1.042054464
1.042054464
1.042054464
1.042054464
1.042054464
0.92458966
0.92458966
0.92458966
0.92458966
0.92458966
0.92458966
0.775551134
0.775551134
0.593767445
0.593767445
0.593767445
0.593767445
0.593767445
0.593767445
0.593767445
0.593767445
0.488690168
0.488690168
0.488690168
0.488690168
0.488690168
0.488690168
0.488690168
0.488690168
0.332690825
0.332690825
0.332690825
0.332690825
0.332690825
0.332690825
0.332690825
0.332690825
0.258166787
0.258166787
0.258166787
0.258166787
0.258166787
0.279060994
0.279060994
0.279060994
0.293477107
0.293477107
0.293477107
0.293477107
0.293477107
0.293477107
0.293477107
0.293477107
0.306844775
0.306844775
0.306844775
0.306844775
0.306844775
0.306844775
0.306844775
0.306844775
0.336638075
0.336638075
0.336638075
0.336638075
0.336638075
0.336638075
0.336638075
0.336638075
0.36529556
0.36529556
0.36529556
0.36529556
0.429549508
0.429549508
0.429549508
0.429549508
0.465199754
0.465199754
0.465199754
0.465199754
0.465199754
0.465199754
0.465199754
0.465199754
0.334516431
0.334516431
0.334516431
0.334516431
0.334516431
0.334516431
0.334516431
0.334516431
0.339345138
0.339345138
0.339345138
0.339345138
0.339345138
0.339345138
0.339345138
0.339345138
0.287975908
0.287975908
0.380528485
0.380528485
0.380528485
0.380528485
0.380528485
0.380528485
0.398991515
0.398991515
0.398991515
0.398991515
0.398991515
0.398991515
0.398991515
0.398991515
0.447728485
0.447728485
0.447728485
0.447728485
0.447728485
0.447728485
0.447728485
0.447728485
0.280339394
0.280339394
0.280339394
0.280339394
0.280339394
0.280339394
0.280339394
0.280339394
0.217619394
0.27238378
0.27238378
0.27238378
0.27238378
0.27238378
0.27238378
0.27238378
0.209682835
0.209682835
0.209682835
0.209682835
0.209682835
0.209682835
0.209682835
0.209682835
0.204075433
0.204075433
0.204075433
0.204075433
0.204075433
0.204075433
0.204075433
0.204075433
0.153948661
0.153948661
0.153948661
0.153948661
0.153948661
0.153948661
0.153948661
0.171033663
0.159518152
0.159518152
0.159518152
0.159518152
0.159518152
0.159518152
0.159518152
0.159518152
0.096466007
0.096466007
0.096466007
0.096466007
0.096466007
0.096466007
0.096466007
0.096466007
0.099108911
0.099108911
0.099108911
0.099108911
0.099108911
0.099108911
0.099108911
0.099108911
0
0
0
0
0
0
0.029900826
0.029900826
0.029900826
0.029900826
0.029900826
0.029900826
0.029900826
0.029900826
0.020266116
0.020266116
0.020266116
0.020266116
0.020266116
0.020266116
0.020266116
0.020266116
0.046733884
0.046733884
0.046733884
0.046733884
0.046733884
0.046733884
0.046733884
0.046733884
0.051717355
0.051717355
0.051717355
0.051717355
0.051717355
0.051717355
0.051717355
0.045492241
0.062247414
0.062247414
0.062247414
0.062247414
0.062247414
0.062247414
0.062247414
0.062247414
0.03955
0.03955
0.03955
0.03955
0.03955
0.03955
0.03955
0.03955
0.037699138
0.037699138
0.037699138
0.037699138
0.037699138
0.037699138
0.037699138
0.037699138
0.060883621
0.060883621
0.060883621
0.076628352
0.076628352
0.076628352
0.076628352
0.076628352
0.150804598
0.150804598
0.150804598
0.150804598
0.150804598
0.150804598
0.150804598
0.150804598
0.219831418
0.219831418
0.219831418
0.219831418
0.219831418
0.219831418
0.219831418
0.219831418
0.217992337
0.217992337
0.217992337
0.217992337
0.217992337
0.217992337
0.217992337
0.217992337
0.211862069
0.211862069
0.207959236
0.207959236
0.207959236
0.207959236
0.207959236
0.207959236
0.331435032
0.331435032
0.331435032
0.331435032
0.331435032
0.331435032
0.331435032
0.331435032
0.462492675
0.462492675
0.462492675
0.462492675
0.462492675
0.462492675
0.462492675
0.462492675
0.662870064
0.662870064
0.662870064
0.662870064
0.662870064
0.662870064
0.662870064
0.662870064
0.723396706
0.723396706
0.723396706
0.723396706
0.723396706
0.723396706
0.723396706
0.723396706
0.770820408
0.770820408
0.770820408
0.770820408
0.770820408
0.770820408
0.770820408
0.770820408
0.803516828
0.803516828
0.803516828
0.803516828
0.803516828
0.803516828
0.803516828
0.803516828
0.832230397
0.832230397
0.832230397
0.832230397
0.832230397
0.832230397
0.832230397
0.865809077
1.294232801
1.294232801
1.294232801
1.294232801
1.294232801
1.294232801
1.294232801
1.294232801
1.137548821
1.137548821
1.137548821
1.137548821
1.137548821
1.137548821
1.137548821
1.137548821
1.25289367
1.25289367
1.25289367
1.25289367
1.25289367
1.25289367
1.25289367
1.25289367
1.300014498
1.300014498
1.300014498
1.300014498
1.300014498
1.090459651
1.090459651
1.090459651
0.833101151
0.833101151
0.833101151
0.833101151
0.833101151
0.833101151
0.833101151
0.833101151
0.58188563
0.58188563
0.58188563
0.58188563
0.58188563
0.58188563
0.58188563
0.58188563
0.73069122
0.73069122
0.73069122
0.73069122
0.73069122
0.73069122
0.73069122
0.73069122
0.90026978
0.90026978
0.90026978
0.90026978
0.973131295
0.973131295
0.973131295
0.973131295
0.917214252
0.917214252
0.917214252
0.917214252
0.917214252
0.917214252
0.917214252
0.917214252
0.933377772
0.933377772
0.933377772
0.933377772
0.933377772
0.933377772
0.933377772
0.933377772
0.772791013
0.772791013
0.772791013
0.772791013
0.772791013
0.772791013
0.772791013
0.772791013
0.668558149
0.668558149
0.668558149
0.786154708
0.786154708
0.786154708
0.786154708
0.786154708
0.672936923
0.672936923
0.672936923
0.672936923
0.672936923
0.672936923
0.672936923
0.672936923
0.508658123
0.508658123
0.508658123
0.508658123
0.508658123
0.508658123
0.508658123
0.508658123
0.447015046
0.447015046
0.447015046
0.447015046
0.447015046
0.447015046
0.447015046
0.447015046
0.403453938
0.53312
0.53312
0.53312
0.53312
0.53312
0.53312
0.53312
0.529047273
0.529047273
0.529047273
0.529047273
0.529047273
0.529047273
0.529047273
0.529047273
0.393153939
0.393153939
0.393153939
0.393153939
0.393153939
0.393153939
0.393153939
0.393153939
0.280610909
0.280610909
0.280610909
0.280610909
0.280610909
0.280610909
0.280610909
0.280610909
0.245366299
0.245366299
0.245366299
0.245366299
0.245366299
0.245366299
0.245366299
0.245366299
0.199827402
0.199827402
0.199827402
0.199827402
0.199827402
0.199827402
0.199827402
0.199827402
0.112317953
0.112317953
0.112317953
0.112317953
0.112317953
0.112317953
0.112317953
0.112317953
0.083091496
0.083091496
0.083091496
0.083091496
0.083091496
0.083091496
0.092312871
0.092312871
0.014158416
0.014158416
0.014158416
0.014158416
0.014158416
0.014158416
0.014158416
0.014158416
0.054745875
0.054745875
0.054745875
0.054745875
0.054745875
0.054745875
0.054745875
0.054745875
0.075511551
0.075511551
0.075511551
0.075511551
0.075511551
0.075511551
0.075511551
0.075511551
0.054557096
0.054557096
0.054557096
0.054557096
0.054557096
0.021816529
0.021816529
0.021816529
0.021816529
0.021816529
0.021816529
0.021816529
0.021816529
0.047619835
0.047619835
0.047619835
0.047619835
0.047619835
0.047619835
0.047619835
0.047619835
0.045847934
0.045847934
0.045847934
0.045847934
0.045847934
0.045847934
0.045847934
0.045847934
0.052492562
0.052492562
0.052492562
0.052492562
0.052492562
0.052492562
0.052492562
0.046174138
0
0
0
0
0
0
0
0
0.041790517
0.041790517
0.041790517
0.041790517
0.041790517
0.041790517
0.041790517
0.041790517
0.07140431
0.07140431
0.07140431
0.07140431
0.07140431
0.07140431
0.07140431
0.07140431
0.023087069
0.023087069
0.023087069
0.029057471
0.029057471
0.029057471
0.029057471
0.029057471
0.123340996
0.123340996
0.123340996
0.123340996
0.123340996
0.123340996
0.123340996
0.123340996
0.147616858
0.147616858
0.147616858
0.147616858
0.147616858
0.147616858
0.147616858
0.147616858
0.165885057
0.165885057
0.165885057
0.165885057
0.165885057
0.165885057
0.165885057
0.165885057
0.275003831
0.275003831
0.269937827
0.269937827
0.269937827
0.269937827
0.269937827
0.269937827
0.429156617
0.429156617
0.429156617
0.429156617
0.429156617
0.429156617
0.429156617
0.429156617
0.517370807
0.517370807
0.517370807
0.517370807
0.517370807
0.517370807
0.517370807
0.517370807
0.817034289
0.817034289
0.817034289
0.817034289
0.817034289
0.817034289
0.817034289
0.817034289
0.806851307
0.806851307
0.806851307
0.806851307
0.806851307
0.806851307
0.806851307
0.806851307
0.795643752
0.795643752
0.795643752
0.795643752
0.795643752
0.795643752
0.795643752
0.795643752
0.783602578
0.783602578
0.783602578
0.783602578
0.783602578
0.783602578
0.783602578
0.783602578
0.68616169
0.68616169
0.68616169
0.68616169
0.68616169
0.68616169
0.68616169
0.713846816
0.871494412
0.871494412
0.871494412
0.871494412
0.871494412
0.871494412
0.871494412
0.871494412
1.099004177
1.099004177
1.099004177
1.099004177
1.099004177
1.099004177
1.099004177
1.099004177
1.17512985
1.17512985
1.17512985
1.17512985
1.17512985
1.17512985
1.17512985
1.17512985
1.302230815
1.302230815
1.302230815
1.302230815
1.302230815
1.092318711
1.092318711
1.092318711
0.922255179
0.922255179
0.922255179
0.922255179
0.922255179
0.922255179
0.922255179
0.922255179
0.760840316
0.760840316
0.760840316
0.760840316
0.760840316
0.760840316
0.760840316
0.760840316
0.736268399
0.736268399
0.736268399
0.736268399
0.736268399
0.736268399
0.736268399
0.736268399
0.636283328
0.636283328
0.636283328
0.636283328
0.687779633
0.687779633
0.687779633
0.687779633
0.642783887
0.642783887
0.642783887
0.642783887
0.642783887
0.642783887
0.642783887
0.642783887
0.473023239
0.473023239
0.473023239
0.473023239
0.473023239
0.473023239
0.473023239
0.473023239
0.383206488
0.383206488
0.383206488
0.383206488
0.383206488
0.383206488
0.383206488
0.383206488
0.320474555
0.320474555
0.320474555
0.376844677
0.376844677
0.376844677
0.376844677
0.376844677
0.328968554
0.328968554
0.328968554
0.328968554
0.328968554
0.328968554
0.328968554
0.328968554
0.320646738
0.320646738
0.320646738
0.320646738
0.320646738
0.320646738
0.320646738
0.320646738
0.308318123
0.308318123
0.308318123
0.308318123
0.308318123
0.308318123
0.308318123
0.308318123
0.2711268
0.358264242
0.358264242
0.358264242
0.358264242
0.358264242
0.358264242
0.358264242
0.333284848
0.333284848
0.333284848
0.333284848
0.333284848
0.333284848
0.333284848
0.333284848
0.336407273
0.336407273
0.336407273
0.336407273
0.336407273
0.336407273
0.336407273
0.336407273
0.287941818
0.287941818
0.287941818
0.287941818
0.287941818
0.287941818
0.287941818
0.287941818
0.168901732
0.168901732
0.168901732
0.168901732
0.168901732
0.168901732
0.168901732
0.168901732
0.08224189
0.08224189
0.08224189
0.08224189
0.08224189
0.08224189
0.08224189
0.08224189
0.077993858
0.077993858
0.077993858
0.077993858
0.077993858
0.077993858
0.077993858
0.077993858
0.082411811
0.082411811
0.082411811
0.082411811
0.082411811
0.082411811
0.091557756
0.091557756
0.072491089
0.072491089
0.072491089
0.072491089
0.072491089
0.072491089
0.072491089
0.072491089
0.05040396
0.05040396
0.05040396
0.05040396
0.05040396
0.05040396
0.05040396
0.05040396
0.06059802
0.06059802
0.06059802
0.06059802
0.06059802
0.06059802
0.06059802
0.06059802
0.021143234
0.021143234
0.021143234
0.021143234
0.021143234
0.00874876
0.00874876
0.00874876
0.00874876
0.00874876
0.00874876
0.00874876
0.00874876
0.009302479
0.009302479
0.009302479
0.009302479
0.009302479
0.009302479
0.009302479
0.009302479
0.039867769
0.039867769
0.039867769
0.039867769
0.039867769
0.039867769
0.039867769
0.039867769
0.066335537
0.066335537
0.066335537
0.066335537
0.066335537
0.066335537
0.066335537
0.058350862
0.055428448
0.055428448
0.055428448
0.055428448
0.055428448
0.055428448
0.055428448
0.055428448
0.041108621
0.041108621
0.041108621
0.041108621
0.041108621
0.041108621
0.041108621
0.041108621
0.027665517
0.027665517
0.027665517
0.027665517
0.027665517
0.027665517
0.027665517
0.027665517
0.016462931
0.016462931
0.016462931
0.020720307
0.020720307
0.020720307
0.020720307
0.020720307
0.080796935
0.080796935
0.080796935
0.080796935
0.080796935
0.080796935
0.080796935
0.080796935
0.13805364
0.13805364
0.13805364
0.13805364
0.13805364
0.13805364
0.13805364
0.13805364
0.344521073
0.344521073
0.344521073
0.344521073
0.344521073
0.344521073
0.344521073
0.344521073
0.5371341
0.5371341
0.527239243
0.527239243
0.527239243
0.527239243
0.527239243
0.527239243
0.749038358
0.749038358
0.749038358
0.749038358
0.749038358
0.749038358
0.749038358
0.749038358
1.237164897
1.237164897
1.237164897
1.237164897
1.237164897
1.237164897
1.237164897
1.237164897
1.216705945
1.216705945
1.216705945
1.216705945
1.216705945
1.216705945
1.216705945
1.216705945
1.317860222
1.317860222
1.317860222
1.317860222
1.317860222
1.317860222
1.317860222
1.317860222
1.080371214
1.080371214
1.080371214
1.080371214
1.080371214
1.080371214
1.080371214
1.080371214
1.049342034
1.049342034
1.049342034
1.049342034
1.049342034
1.049342034
1.049342034
1.049342034
1.263952811
1.263952811
1.263952811
1.263952811
1.263952811
1.263952811
1.263952811
1.314950548
1.292112846
1.292112846
1.292112846
1.292112846
1.292112846
1.292112846
1.292112846
1.292112846
0.919964303
0.919964303
0.919964303
0.919964303
0.919964303
0.919964303
0.919964303
0.919964303
1.059785001
1.059785001
1.059785001
1.059785001
1.059785001
1.059785001
1.059785001
1.059785001
1.149690384
1.149690384
1.149690384
1.149690384
1.149690384
0.964366919
0.964366919
0.964366919
0.934945281
0.934945281
0.934945281
0.934945281
0.934945281
0.934945281
0.934945281
0.934945281
1.204832226
1.204832226
1.204832226
1.204832226
1.204832226
1.204832226
1.204832226
1.204832226
1.072111542
1.072111542
1.072111542
1.072111542
1.072111542
1.072111542
1.072111542
1.072111542
0.920719434
0.920719434
0.920719434
0.920719434
0.995236001
0.995236001
0.995236001
0.995236001
0.996808668
0.996808668
0.996808668
0.996808668
0.996808668
0.996808668
0.996808668
0.996808668
0.959501516
0.959501516
0.959501516
0.959501516
0.959501516
0.959501516
0.959501516
0.959501516
0.855967615
0.855967615
0.855967615
0.855967615
0.855967615
0.855967615
0.855967615
0.855967615
0.664975964
0.664975964
0.664975964
0.781942431
0.781942431
0.781942431
0.781942431
0.781942431
0.443008246
0.443008246
0.443008246
0.443008246
0.443008246
0.443008246
0.443008246
0.443008246
0.471877754
0.471877754
0.471877754
0.471877754
0.471877754
0.471877754
0.471877754
0.471877754
0.5302332
0.5302332
0.5302332
0.5302332
0.5302332
0.5302332
0.5302332
0.5302332
0.388556862
0.513435152
0.513435152
0.513435152
0.513435152
0.513435152
0.513435152
0.513435152
0.409037576
0.409037576
0.409037576
0.409037576
0.409037576
0.409037576
0.409037576
0.409037576
0.309798788
0.309798788
0.309798788
0.309798788
0.309798788
0.309798788
0.309798788
0.309798788
0.222642424
0.222642424
0.222642424
0.222642424
0.222642424
0.222642424
0.222642424
0.222642424
0.237040157
0.237040157
0.237040157
0.237040157
0.237040157
0.237040157
0.237040157
0.237040157
0.141034646
0.141034646
0.141034646
0.141034646
0.141034646
0.141034646
0.141034646
0.141034646
0.131688976
0.131688976
0.131688976
0.131688976
0.131688976
0.131688976
0.131688976
0.131688976
0.060322047
0.060322047
0.060322047
0.060322047
0.060322047
0.060322047
0.067016502
0.067016502
0.104583498
0.104583498
0.104583498
0.104583498
0.104583498
0.104583498
0.104583498
0.104583498
0.075133993
0.075133993
0.075133993
0.075133993
0.075133993
0.075133993
0.075133993
0.075133993
0.095333333
0.095333333
0.095333333
0.095333333
0.095333333
0.095333333
0.095333333
0.095333333
0.051159076
0.051159076
0.051159076
0.051159076
0.051159076
0.020709091
0.020709091
0.020709091
0.020709091
0.020709091
0.020709091
0.020709091
0.020709091
0.031561983
0.031561983
0.031561983
0.031561983
0.031561983
0.031561983
0.031561983
0.031561983
0.036323967
0.036323967
0.036323967
0.036323967
0.036323967
0.036323967
0.036323967
0.036323967
0.063899174
0.063899174
0.063899174
0.063899174
0.063899174
0.063899174
0.063899174
0.056207759
0.044323276
0.044323276
0.044323276
0.044323276
0.044323276
0.044323276
0.044323276
0.044323276
0.08114569
0.08114569
0.08114569
0.08114569
0.08114569
0.08114569
0.08114569
0.08114569
0.084847414
0.084847414
0.084847414
0.084847414
0.084847414
0.084847414
0.084847414
0.084847414
0.139691379
0.139691379
0.139691379
0.139691379
0.175816092
0.175816092
0.175816092
0.175816092
0.140137931
0.140137931
0.140137931
0.140137931
0.140137931
0.140137931
0.140137931
0.140137931
0.245823755
0.245823755
0.245823755
0.245823755
0.245823755
0.245823755
0.245823755
0.245823755
0.356781609
0.356781609
0.356781609
0.356781609
0.356781609
0.356781609
0.356781609
0.356781609
0.430222222
0.430222222
0.430222222
0.422296851
0.422296851
0.422296851
0.422296851
0.422296851
0.485358563
0.485358563
0.485358563
0.485358563
0.485358563
0.485358563
0.485358563
0.485358563
0.694882307
0.694882307
0.694882307
0.694882307
0.694882307
0.694882307
0.694882307
0.694882307
1.156652902
1.156652902
1.156652902
1.156652902
1.156652902
1.156652902
1.156652902
1.156652902
1.528043064
1.176052238
1.176052238
1.176052238
1.176052238
1.176052238
1.176052238
1.176052238
1.299427963
1.299427963
1.299427963
1.299427963
1.299427963
1.299427963
1.299427963
1.299427963
1.210138024
1.210138024
1.210138024
1.210138024
1.210138024
1.210138024
1.210138024
1.210138024
1.3412942
1.3412942
1.3412942
1.3412942
1.3412942
1.3412942
1.3412942
1.3412942
1.241715723
1.241715723
1.241715723
1.241715723
1.241715723
1.241715723
1.241715723
1.241715723
1.20982003
1.20982003
1.20982003
1.20982003
1.20982003
1.20982003
1.20982003
1.20982003
1.17156447
1.17156447
1.17156447
1.17156447
1.17156447
1.17156447
1.17156447
1.17156447
1.130803508
1.130803508
1.130803508
1.130803508
1.130803508
1.130803508
0.948524499
0.948524499
1.005104571
1.005104571
1.005104571
1.005104571
1.005104571
1.005104571
1.005104571
1.005104571
1.163852088
1.163852088
1.163852088
1.163852088
1.163852088
1.163852088
1.163852088
1.163852088
0.959678856
0.959678856
0.959678856
0.959678856
0.959678856
0.959678856
0.959678856
0.959678856
0.782421572
0.782421572
0.782421572
0.782421572
0.782421572
0.845745281
0.845745281
0.845745281
0.656937889
0.656937889
0.656937889
0.656937889
0.656937889
0.656937889
0.656937889
0.656937889
0.493730019
0.493730019
0.493730019
0.493730019
0.493730019
0.493730019
0.493730019
0.493730019
0.543356395
0.543356395
0.543356395
0.543356395
0.543356395
0.543356395
0.543356395
0.543356395
0.375081042
0.375081042
0.375081042
0.375081042
0.441056215
0.441056215
0.441056215
0.441056215
0.435200123
0.435200123
0.435200123
0.435200123
0.435200123
0.435200123
0.435200123
0.435200123
0.428419385
0.428419385
0.428419385
0.428419385
0.428419385
0.428419385
0.428419385
0.428419385
0.487904954
0.487904954
0.487904954
0.487904954
0.487904954
0.487904954
0.487904954
0.487904954
0.475062646
0.475062646
0.62774303
0.62774303
0.62774303
0.62774303
0.62774303
0.62774303
0.52470303
0.52470303
0.52470303
0.52470303
0.52470303
0.52470303
0.52470303
0.52470303
0.489541818
0.489541818
0.489541818
0.489541818
0.489541818
0.489541818
0.489541818
0.489541818
0.374690909
0.374690909
0.374690909
0.374690909
0.374690909
0.374690909
0.374690909
0.374690909
0.232688485
0.291245039
0.291245039
0.291245039
0.291245039
0.291245039
0.291245039
0.291245039
0.225315591
0.225315591
0.225315591
0.225315591
0.225315591
0.225315591
0.225315591
0.225315591
0.223446457
0.223446457
0.223446457
0.223446457
0.223446457
0.223446457
0.223446457
0.223446457
0.130499528
0.130499528
0.130499528
0.130499528
0.130499528
0.130499528
0.130499528
0.144982178
0.017556436
0.017556436
0.017556436
0.017556436
0.017556436
0.017556436
0.017556436
0.017556436
0.02359736
0.02359736
0.02359736
0.02359736
0.02359736
0.02359736
0.02359736
0.02359736
0.025485149
0.025485149
0.025485149
0.025485149
0.025485149
0.025485149
0.025485149
0.025485149
0.109491749
0.109491749
0.109491749
0.109491749
0.109491749
0.109491749
0.010963636
0.010963636
0.010963636
0.010963636
0.010963636
0.010963636
0.010963636
0.010963636
0.037763636
0.037763636
0.037763636
0.037763636
0.037763636
0.037763636
0.037763636
0.037763636
0.040310744
0.040310744
0.040310744
0.040310744
0.040310744
0.040310744
0.040310744
0.040310744
0.058915702
0.058915702
0.058915702
0.058915702
0.058915702
0.058915702
0.058915702
0.051824138
0.064682759
0.064682759
0.064682759
0.064682759
0.064682759
0.064682759
0.064682759
0.064682759
0.066046552
0.066046552
0.066046552
0.066046552
0.066046552
0.066046552
0.066046552
0.066046552
0.106765517
0.106765517
0.106765517
0.106765517
0.106765517
0.106765517
0.106765517
0.106765517
0.13637931
0.13637931
0.13637931
0.17164751
0.17164751
0.17164751
0.17164751
0.17164751
0.228168582
0.228168582
0.228168582
0.228168582
0.228168582
0.228168582
0.228168582
0.228168582
0.258574713
0.258574713
0.258574713
0.258574713
0.258574713
0.258574713
0.258574713
0.258574713
0.284934866
0.284934866
0.284934866
0.284934866
0.284934866
0.284934866
0.284934866
0.284934866
0.443954023
0.443954023
0.43577569
0.43577569
0.43577569
0.43577569
0.43577569
0.43577569
0.749519745
0.749519745
0.749519745
0.749519745
0.749519745
0.749519745
0.749519745
0.749519745
1.078186801
1.078186801
1.078186801
1.078186801
1.078186801
1.078186801
1.078186801
1.078186801
1.251967551
1.251967551
1.251967551
1.251967551
1.251967551
1.251967551
1.251967551
1.251967551
1.072312889
1.072312889
1.072312889
1.072312889
1.072312889
1.072312889
1.072312889
1.072312889
1.077221984
1.077221984
1.077221984
1.077221984
1.077221984
1.077221984
1.077221984
1.077221984
0.995990369
0.995990369
0.995990369
0.995990369
0.995990369
0.995990369
0.995990369
0.995990369
1.005623308
1.005623308
1.005623308
1.005623308
1.005623308
1.005623308
1.005623308
1.046198014
0.827746241
0.827746241
0.827746241
0.827746241
0.827746241
0.827746241
0.827746241
0.827746241
1.101798663
1.101798663
1.101798663
1.101798663
1.101798663
1.101798663
1.101798663
1.101798663
1.120878262
1.120878262
1.120878262
1.120878262
1.120878262
1.120878262
1.120878262
1.120878262
1.190162261
1.190162261
1.190162261
1.190162261
1.190162261
0.998314962
0.998314962
0.998314962
0.878688524
0.878688524
0.878688524
0.878688524
0.878688524
0.878688524
0.878688524
0.878688524
0.881436698
0.881436698
0.881436698
0.881436698
0.881436698
0.881436698
0.881436698
0.881436698
0.748231042
0.748231042
0.748231042
0.748231042
0.748231042
0.748231042
0.748231042
0.748231042
0.590534298
0.590534298
0.590534298
0.590534298
0.638327998
0.638327998
0.638327998
0.638327998
0.675023558
0.675023558
0.675023558
0.675023558
0.675023558
0.675023558
0.675023558
0.675023558
0.596040734
0.596040734
0.596040734
0.596040734
0.596040734
0.596040734
0.596040734
0.596040734
0.663927519
0.663927519
0.663927519
0.663927519
0.663927519
0.663927519
0.663927519
0.663927519
0.821456315
0.821456315
0.821456315
0.965947015
0.965947015
0.965947015
0.965947015
0.965947015
0.9242352
0.9242352
0.9242352
0.9242352
0.9242352
0.9242352
0.9242352
0.9242352
0.6637932
0.6637932
0.6637932
0.6637932
0.6637932
0.6637932
0.6637932
0.6637932
0.503418462
0.503418462
0.503418462
0.503418462
0.503418462
0.503418462
0.503418462
0.503418462
0.427392
0.564751515
0.564751515
0.564751515
0.564751515
0.564751515
0.564751515
0.564751515
0.510991515
0.510991515
0.510991515
0.510991515
0.510991515
0.510991515
0.510991515
0.510991515
0.41718303
0.41718303
0.41718303
0.41718303
0.41718303
0.41718303
0.41718303
0.41718303
0.277488485
0.277488485
0.277488485
0.277488485
0.277488485
0.277488485
0.277488485
0.277488485
0.298891496
0.298891496
0.298891496
0.298891496
0.298891496
0.298891496
0.298891496
0.298891496
0.177567717
0.177567717
0.177567717
0.177567717
0.177567717
0.177567717
0.177567717
0.177567717
0.145282677
0.145282677
0.145282677
0.145282677
0.145282677
0.145282677
0.145282677
0.145282677
0.131688976
0.131688976
0.131688976
0.131688976
0.131688976
0.131688976
0.14630363
0.14630363
0.093067987
0.093067987
0.093067987
0.093067987
0.093067987
0.093067987
0.093067987
0.093067987
0.088537294
0.088537294
0.088537294
0.088537294
0.088537294
0.088537294
0.088537294
0.088537294
0.064939934
0.064939934
0.064939934
0.064939934
0.064939934
0.064939934
0.064939934
0.064939934
0
0
0
0
0
0.010409917
0.010409917
0.010409917
0.010409917
0.010409917
0.010409917
0.010409917
0.010409917
0.016279339
0.016279339
0.016279339
0.016279339
0.016279339
0.016279339
0.016279339
0.016279339
0.028128926
0.028128926
0.028128926
0.028128926
0.028128926
0.028128926
0.028128926
0.028128926
0.047287603
0.047287603
0.047287603
0.047287603
0.047287603
0.047287603
0.047287603
0.04159569
0.03185431
0.03185431
0.03185431
0.03185431
0.03185431
0.03185431
0.03185431
0.03185431
0.050460345
0.050460345
0.050460345
0.050460345
0.050460345
0.050460345
0.050460345
0.050460345
0.043836207
0.043836207
0.043836207
0.043836207
0.043836207
0.043836207
0.043836207
0.043836207
0.070332759
0.070332759
0.070332759
0.088521073
0.088521073
0.088521073
0.088521073
0.088521073
0.096245211
0.096245211
0.096245211
0.096245211
0.096245211
0.096245211
0.096245211
0.096245211
0.123095785
0.123095785
0.123095785
0.123095785
0.123095785
0.123095785
0.123095785
0.123095785
0.138789272
0.138789272
0.138789272
0.138789272
0.138789272
0.138789272
0.138789272
0.138789272
0.278681992
0.278681992
0.273548231
0.273548231
0.273548231
0.273548231
0.273548231
0.273548231
0.330833298
0.330833298
0.330833298
0.330833298
0.330833298
0.330833298
0.330833298
0.330833298
0.41074356
0.41074356
0.41074356
0.41074356
0.41074356
0.41074356
0.41074356
0.41074356
0.624960828
0.624960828
0.624960828
0.624960828
0.624960828
0.624960828
0.624960828
0.624960828
0.77526638
0.77526638
0.77526638
0.77526638
0.77526638
0.77526638
0.77526638
0.77526638
1.182350698
1.182350698
1.182350698
1.182350698
1.182350698
1.182350698
1.182350698
1.182350698
1.393997494
1.393997494
1.393997494
1.393997494
1.393997494
1.393997494
1.393997494
1.393997494
1.407428034
1.407428034
1.407428034
1.407428034
1.407428034
1.407428034
1.407428034
1.464214683
1.475103546
1.475103546
1.475103546
1.475103546
1.475103546
1.475103546
1.475103546
1.475103546
1.381536421
1.381536421
1.381536421
1.381536421
1.381536421
1.381536421
1.381536421
1.381536421
1.315817802
1.315817802
1.315817802
1.315817802
1.315817802
1.315817802
1.315817802
1.315817802
1.215890811
1.215890811
1.215890811
1.215890811
1.215890811
1.019896218
1.019896218
1.019896218
0.736106741
0.736106741
0.736106741
0.736106741
0.736106741
0.736106741
0.736106741
0.736106741
0.690519369
0.690519369
0.690519369
0.690519369
0.690519369
0.690519369
0.690519369
0.690519369
0.582613088
0.582613088
0.582613088
0.582613088
0.582613088
0.582613088
0.582613088
0.582613088
0.676859323
0.676859323
0.676859323
0.676859323
0.731639564
0.731639564
0.731639564
0.731639564
0.631425738
0.631425738
0.631425738
0.631425738
0.631425738
0.631425738
0.631425738
0.631425738
0.667160223
0.667160223
0.667160223
0.667160223
0.667160223
0.667160223
0.667160223
0.667160223
0.640774369
0.640774369
0.640774369
0.640774369
0.640774369
0.640774369
0.640774369
0.640774369
0.541346876
0.541346876
0.541346876
0.636567508
0.636567508
0.636567508
0.636567508
0.636567508
0.646738615
0.646738615
0.646738615
0.646738615
0.646738615
0.646738615
0.646738615
0.646738615
0.564034154
0.564034154
0.564034154
0.564034154
0.564034154
0.564034154
0.564034154
0.564034154
0.527664738
0.527664738
0.527664738
0.527664738
0.527664738
0.527664738
0.527664738
0.527664738
0.549958985
0.726710303
0.726710303
0.726710303
0.726710303
0.726710303
0.726710303
0.726710303
0.480174545
0.480174545
0.480174545
0.480174545
0.480174545
0.480174545
0.480174545
0.480174545
0.298123636
0.298123636
0.298123636
0.298123636
0.298123636
0.298123636
0.298123636
0.298123636
0.344145455
0.344145455
0.344145455
0.344145455
0.344145455
0.344145455
0.344145455
0.344145455
0.242987402
0.242987402
0.242987402
0.242987402
0.242987402
0.242987402
0.242987402
0.242987402
0.060322047
0.060322047
0.060322047
0.060322047
0.060322047
0.060322047
0.060322047
0.060322047
0.1079
0.1079
0.1079
0.1079
0.1079
0.1079
0.1079
0.1079
0.145452598
0.145452598
0.145452598
0.145452598
0.145452598
0.145452598
0.161594719
0.161594719
0.047383498
0.047383498
0.047383498
0.047383498
0.047383498
0.047383498
0.047383498
0.047383498
0.091746535
0.091746535
0.091746535
0.091746535
0.091746535
0.091746535
0.091746535
0.091746535
0.096654785
0.096654785
0.096654785
0.096654785
0.096654785
0.096654785
0.096654785
0.096654785
0.047949835
0.047949835
0.047949835
0.047949835
0.047949835
0.033444628
0.033444628
0.033444628
0.033444628
0.033444628
0.033444628
0.033444628
0.033444628
0.038538843
0.038538843
0.038538843
0.038538843
0.038538843
0.038538843
0.038538843
0.038538843
0.056479339
0.056479339
0.056479339
0.056479339
0.056479339
0.056479339
0.056479339
0.056479339
0.049613223
0.049613223
0.049613223
0.049613223
0.049613223
0.049613223
0.049613223
0.043641379
0.044225862
0.044225862
0.044225862
0.044225862
0.044225862
0.044225862
0.044225862
0.044225862
0.033997414
0.033997414
0.033997414
0.033997414
0.033997414
0.033997414
0.033997414
0.033997414
0.038868103
0.038868103
0.038868103
0.038868103
0.038868103
0.038868103
0.038868103
0.038868103
0.02337931
0.02337931
0.02337931
0.029425287
0.029425287
0.029425287
0.029425287
0.029425287
0.077977011
0.077977011
0.077977011
0.077977011
0.077977011
0.077977011
0.077977011
0.077977011
0.099555556
0.099555556
0.099555556
0.099555556
0.099555556
0.099555556
0.099555556
0.099555556
0.148597701
0.148597701
0.148597701
0.148597701
0.148597701
0.148597701
0.148597701
0.148597701
0.236015326
0.236015326
0.231667551
0.231667551
0.231667551
0.231667551
0.231667551
0.231667551
0.351171904
0.351171904
0.351171904
0.351171904
0.351171904
0.351171904
0.351171904
0.351171904
0.5176115
0.5176115
0.5176115
0.5176115
0.5176115
0.5176115
0.5176115
0.5176115
0.682847629
0.682847629
0.682847629
0.682847629
0.682847629
0.682847629
0.682847629
0.682847629
0.641331472
0.641331472
0.641331472
0.641331472
0.641331472
0.641331472
0.641331472
0.641331472
0.604559578
0.604559578
0.604559578
0.604559578
0.604559578
0.604559578
0.604559578
0.604559578
0.626696813
0.626696813
0.626696813
0.626696813
0.626696813
0.626696813
0.626696813
0.626696813
0.466641819
0.466641819
0.466641819
0.466641819
0.466641819
0.466641819
0.466641819
0.485469798
0.422160219
0.422160219
0.422160219
0.422160219
0.422160219
0.422160219
0.422160219
0.422160219
0.31038075
0.31038075
0.31038075
0.31038075
0.31038075
0.31038075
0.31038075
0.31038075
0.866001801
0.866001801
0.866001801
0.866001801
0.866001801
0.866001801
0.866001801
0.866001801
0.632999425
0.632999425
0.632999425
0.632999425
0.632999425
0.530963565
0.530963565
0.530963565
0.600880368
0.600880368
0.600880368
0.600880368
0.600880368
0.600880368
0.600880368
0.600880368
0.332286682
0.332286682
0.332286682
0.332286682
0.332286682
0.332286682
0.332286682
0.332286682
0.448033344
0.448033344
0.448033344
0.448033344
0.448033344
0.448033344
0.448033344
0.448033344
0.3799756
0.3799756
0.3799756
0.3799756
0.410728157
0.410728157
0.410728157
0.410728157
0.350792077
0.350792077
0.350792077
0.350792077
0.350792077
0.350792077
0.350792077
0.350792077
0.320561925
0.320561925
0.320561925
0.320561925
0.320561925
0.320561925
0.320561925
0.320561925
0.479750758
0.479750758
0.479750758
0.479750758
0.479750758
0.479750758
0.479750758
0.479750758
0.467868386
0.467868386
0.467868386
0.550164462
0.550164462
0.550164462
0.550164462
0.550164462
0.588280431
0.588280431
0.588280431
0.588280431
0.588280431
0.588280431
0.588280431
0.588280431
0.671704062
0.671704062
0.671704062
0.671704062
0.671704062
0.671704062
0.671704062
0.671704062
0.706121446
0.706121446
0.706121446
0.706121446
0.706121446
0.706121446
0.706121446
0.706121446
0.257051631
0.339665455
0.339665455
0.339665455
0.339665455
0.339665455
0.339665455
0.339665455
0.431437576
0.431437576
0.431437576
0.431437576
0.431437576
0.431437576
0.431437576
0.431437576
0.495379394
0.495379394
0.495379394
0.495379394
0.495379394
0.495379394
0.495379394
0.495379394
0.251287273
0.251287273
0.251287273
0.251287273
0.251287273
0.251287273
0.251287273
0.251287273
0.283938425
0.283938425
0.283938425
0.283938425
0.283938425
0.283938425
0.283938425
0.283938425
0.131688976
0.131688976
0.131688976
0.131688976
0.131688976
0.131688976
0.131688976
0.131688976
0.147491654
0.147491654
0.147491654
0.147491654
0.147491654
0.147491654
0.147491654
0.147491654
0.170940787
0.170940787
0.170940787
0.170940787
0.170940787
0.170940787
0.189911551
0.189911551
0.160462046
0.160462046
0.160462046
0.160462046
0.160462046
0.160462046
0.160462046
0.160462046
0.091180198
0.091180198
0.091180198
0.091180198
0.091180198
0.091180198
0.091180198
0.091180198
0.130823762
0.130823762
0.130823762
0.130823762
0.130823762
0.130823762
0.130823762
0.130823762
0.101563036
0.101563036
0.101563036
0.101563036
0.101563036
