20000101
20191231
9.58
11.1
9.79
6.27
5.88
6.39
7.45
9.12
8.29
7.88
8.23
8.88
8.18
7.13
9.08
11.43
11.54
10.65
11.22
8.41
8.43
9.4
9.42
7.35
6.95
5.6
4.61
4.12
3.92
4.24
5.58
6.59
6.56
7.69
6.63
5.92
7.39
8.72
9.3
10.87
12.4
9.82
9.21
9.91
9.17
11.03
10.94
11.92
10.72
9.35
9.74
11.74
13.48
13.59
13.79
14.99
11.9
11.38
12.05
13.5
13.15
12.28
10.92
11.51
12.51
14.99
15.92
14.85
13.69
11.69
10.3
11.16
13.22
13.76
15.44
12.36
10.28
10.69
11.39
12.45
12.93
13.21
14.86
15.85
17.69
19.18
18.29
18.18
15.76
15.07
15.71
14.2
15.93
13.85
14.32
16.59
18.65
18.56
15.98
15.73
17.71
17.5
15.15
16.47
16.58
17.33
16.95
17.32
20.12
21.83
18.88
18.54
17.37
18.99
19.95
20.74
19.91
20.77
20.31
19.56
19.19
19.22
18.36
19.07
20.88
19.91
21.9
24.21
24.96
22.72
22.17
25.01
24.79
22.49
21.98
22.24
23.38
23.52
24.43
21.84
23.36
25.43
27.16
28.51
29.79
27.13
26.19
26.33
26.29
26.82
28.12
29.08
29.24
27.61
25.63
26.19
25.2
24.66
25.15
25.84
26.15
25.29
25.49
26.78
27.2
25.71
26.29
26.52
21.91
23.71
24.74
25.96
25.03
25.89
27.14
27.88
27.03
26.14
26.08
25.89
25.79
26.61
27.19
26.17
27.35
27.77
27.65
28.3
28.55
29.14
29.45
29.76
30.33
30.64
31.71
31.1
31.83
31.79
29.94
30.88
31.87
31.98
29.33
27.15
27
27.27
27.3
28.81
26.78
27.17
27.27
27.22
27.7
28.44
29.24
30.01
30.87
31.31
31.94
32.61
32.49
32.55
33.12
33.25
33.33
32.98
32.02
32.8
33.23
33.51
32.72
32.88
32.84
32.92
33.38
33.53
33.68
33.75
34.28
34.44
34.11
34.07
33.63
33.68
34.47
34.14
34.67
34.56
33.6
32.69
32.18
32.33
32.18
33.18
33.72
33.4
32.54
33.06
30.77
29.28
28.79
28.34
29.38
28.44
27.94
30.6
29.45
20.55
18.39
19.4
20.32
21.47
21.87
22.36
23.36
23.61
24.99
26.07
25.19
22.03
19.1
17.94
16.76
16.35
18.24
20.35
21.31
21.15
21.12
21.74
20.78
20.62
19.99
19.22
19.1
19.8
20.28
21.32
20.26
20.02
20.89
21.19
20.51
21.22
21.49
21.08
18.62
18.05
17.68
17.92
17.13
13.87
10.82
10.81
10.63
10.69
10.5
9.13
8.71
9.22
9.68
8.33
9
8.66
8.2
7.85
9.19
10.97
11.24
10.7
9.86
9.75
9.76
9.73
8.71
8.94
8.29
7.07
6.98
6.88
7.5
6.58
6.85
7.11
8.6
5.9
3.36
3.3
2.99
3.33
3.32
2.48
2.64
2.61
2.91
2.86
2.36
3.13
3.06
2.83
2.77
2.54
2.57
2.35
1.93
1.79
1.97
2.59
2.38
4.19
5.26
5.63
5.69
5.35
5.49
5.31
5.75
5.76
6.68
6.22
6
5.66
3.51
4.45
2.77
2.35
4.58
4.96
6.68
7.39
6.35
7.83
4.58
5.36
6.13
6.25
5.77
5.6
5.14
6.44
7.14
7.23
8.77
9.91
13.89
6.08
5.27
6.5
8.12
10
11.09
4.97
4.49
4.41
5.59
8.39
10.61
8.1
7.51
8.59
11.49
10.4
12.14
10.72
4.72
7.12
8.95
9.85
9.94
10.41
11.54
12.53
10.23
11.49
11.87
13.02
13.66
13.67
13.34
10.41
9.43
10.72
10.74
11.02
12.13
13.87
15.96
16.76
12.58
9.76
10.13
9.56
9.96
11.41
13.51
13.6
12.98
17.09
19.8
21.29
20.5
20.32
19.39
20.39
21.71
21.14
21.45
23.33
19.27
19.39
20.25
18.52
15.59
15.64
17.22
19.35
20.27
19.72
18.34
18.44
19.37
20.82
21.44
21.32
21.87
21.5
23.02
23.94
23.38
21.67
21.64
22.37
19.77
21.25
23.13
24.11
23.72
24.16
24.88
25.57
25.68
26.8
27.01
25.6
25.05
24.83
20.59
21.22
23.72
22.95
22.19
23.59
25.8
23.98
23.97
24.67
23.36
23.87
25.93
26.76
27.16
27.12
27.17
27.84
28.23
28.58
28.83
29.29
29.6
28.97
27.11
27.43
28.73
29.56
29.24
29.87
30.05
28.3
28.45
29.14
29.74
30.04
30.24
28.88
26.45
27.12
27.92
28.73
28.9
29.86
31.38
31.82
32.67
33.06
33.3
33.85
34.25
34.78
35.21
33.03
31.57
32.97
33.7
34.8
35.42
35.47
35.12
36.15
36.35
36.3
36.13
36.22
35.94
36.12
36.02
34.7
35.85
36.02
36.44
36.25
35.83
36.16
36.68
35.88
35.95
36.07
36.64
35.74
34.61
31.43
30.83
30.4
30.5
31.42
30.12
28.81
29.88
30.85
31.65
31.59
29.48
30.07
31.02
28.25
29.7
28.29
27.66
27.73
27.66
27.9
29.15
28.44
27.81
27.03
26.34
26.33
24.62
22.7
22.54
23.25
24.89
25.15
26.14
24.01
25.09
25.3
22.94
23.37
23.16
23.96
24.93
23.58
20.21
20.09
20.49
21.16
21.7
21.61
21.11
21.09
21.12
22.27
23.44
20.01
18.42
18.66
20.45
20.8
19.9
18.62
18.73
17.36
17.71
16.5
15.16
14.98
16.43
17.56
18.9
19.98
20.42
20.92
18.12
15.61
15.68
15.65
16.07
16.99
16.91
17.34
19.42
20.49
19.81
19.77
19.32
18.44
17.6
16.21
14.55
14.92
16.39
18.11
17.84
18.15
17.72
18.01
17.48
17.95
13.36
11.3
11.38
12.8
14.87
12.93
12.53
12.78
7.21
5.61
5.7
7.16
8.69
10.45
12.97
15.62
16.35
13.47
12.41
9.94
8.5
8.16
8.35
10.85
9.98
9.25
9.42
10.74
9.67
9.37
7.62
7.82
8.55
9.55
6.42
5.33
5.15
4.7
6.04
6.65
4.47
3.56
3.15
3.72
2.84
1.63
3.06
5.86
5.36
4.65
6.44
8.7
8.66
7.6
6.84
6.91
7.02
6.56
7.85
6.63
5.19
5.76
5.68
6.24
8.95
9.89
6.68
6.53
7.35
8.6
10.97
11.02
6.27
4.71
4.66
5.16
7.22
7.06
6.42
6.02
7.49
7.81
8.27
5.48
5.42
6.32
6.38
6.19
7.55
7.69
8.97
10.09
12.54
11.43
10.93
10.09
10.86
11.97
8.06
3.19
4.21
5.77
7.35
2.49
1.63
3.51
6.04
9.29
11.55
13.61
8.46
7.84
10.39
11.86
13.22
15.42
11.8
10.64
12.68
13.02
12.84
12.21
9.15
7.6
9.94
13.75
9.04
9.15
11.51
14.73
15.94
13.79
14.66
16.08
15.17
12.08
12.69
14.23
13.74
11.82
13.61
15.52
16.81
18.02
17.6
17.78
19.98
20.91
20.54
22.52
22.1
21.26
19.87
19.85
19.57
20.23
21.12
16.87
15.37
17.77
18.93
20.15
22.37
24.02
20.01
18.84
21
21.97
23.86
24.34
24.14
20.29
19.87
22.19
19.9
18.52
20.14
20.77
22.88
19.59
19.22
20.01
20.91
21.34
21.28
21.2
22.33
19.83
23.49
22.19
21.77
22.93
24.37
25.34
25.82
26.16
26.7
26.47
24.68
25.77
26.07
26.73
27.6
27.1
27.97
28.22
25.8
25.46
25.3
24.94
25.29
26.17
26.41
27.82
28.25
28.13
27.48
28.09
28.65
28.87
28.98
29.3
29.66
28.32
25.62
26.39
26.08
26.74
27.48
27.33
28.25
28.85
29.33
29.46
29.06
29.02
28.46
28.92
29.07
28.9
28.72
28.54
30.4
30.08
30.24
30.79
30.56
30.42
29.56
30.69
31.32
30.96
27.68
28.06
29.01
29.94
30.3
30.44
30.82
30.78
31.15
31.21
31.41
30.89
30.87
30.92
30.89
27.91
25.69
27.65
28.46
28.85
29.48
29.8
30.13
30.5
30.93
31.29
31.86
29.5
29.54
26.5
27.3
27.48
27.14
27.29
27.79
28.46
28.77
28.74
28.98
29.08
29.21
27.02
26.37
26.92
26.48
26.95
27.25
26.49
24.55
24.53
25.53
27.18
23.79
22.92
22.96
21.87
21.47
21.27
21.68
22.93
23.05
24.17
24.71
25.47
25.77
26.42
26.57
24.2
22.18
22.85
20.94
19.27
17.61
18.67
19.46
19.19
15.83
15.54
15.23
15.13
15.29
16.89
17.42
16.04
16.39
17.29
17.1
13.87
13.2
13.2
14.06
14.24
14.2
13.75
11.84
10.99
10.73
11.88
10.6
11.47
11
11.56
13.1
15.19
14.18
12.4
12.33
11.58
12.4
11.95
11.08
10.99
11.79
11.15
11.46
11.84
10.92
11.35
11.66
8.53
7.65
6.9
6.64
8.72
8.58
7.43
10.14
8
5.55
4.48
5.38
7.15
8.35
8.72
9.36
8.91
9.52
8.6
7.94
8.67
10.65
10.37
12
10.18
8.39
7.67
7.15
6.37
4.45
4.25
5.41
5.67
5.87
8.26
10.17
7.59
6.58
5.72
6.02
7.32
7.94
6.82
6.34
7.87
8.78
6.36
5.89
6.71
6.9
7.06
6.42
4.67
3.66
4.12
4.67
6.29
5.52
4.02
1.69
1.06
3.04
2.88
2.91
6.88
6.52
5.29
7.19
7.61
9.94
9.59
6.46
5.52
5.17
3.17
3.62
4.56
5.47
5.92
7.04
9.64
13.19
10.02
6.44
6.92
8.69
9.52
9.34
10.07
8.97
6.96
2.77
2.14
3.32
4.47
5.24
6.54
7.12
7.24
9.36
6.13
6.51
9.08
11.18
9.05
8.69
11.54
14.68
15.18
14.34
15.09
16.89
16.93
15.43
15.06
12.4
13.4
13.96
15.28
16.51
15.78
14.94
15.37
11.72
11.01
11.84
14.05
15.48
17.3
17.54
18.62
16.09
17.81
15.24
12.06
13.14
15.05
16.94
18.26
19.67
20.73
18.77
17.44
17.91
20.33
21.05
19.3
19.53
18.88
17.07
19.15
19.06
20.16
22.04
22.1
22.96
23.43
24.04
22.97
22.65
24.47
24.15
24.79
24.9
25.69
26.75
27
24.62
24.61
24.61
24.66
24.63
24.03
22.34
23.96
25.22
19.57
20.17
21.74
23.11
24.56
24.36
22.6
22.92
23.63
25.8
27.01
26.82
25.88
26.07
25.77
23.01
22.72
23.87
23.93
23.69
25.02
25.74
26.57
25.83
26.62
25.19
26.63
26.98
27.39
27.8
28.41
28.85
27.85
28.76
30.16
30.45
30.12
24.68
25.48
25.99
26.4
27.32
28.04
28.91
29.41
29.7
29.85
29.35
29.57
29.44
29.9
31.02
31
31.82
31.81
32.24
32.37
32.16
32.65
32.95
33.17
33.57
33.13
32.71
31.81
31.5
32.67
33.47
33.29
33.72
33.71
30.12
29.88
30.85
30.06
29
29.67
31.91
33.24
33.25
33.56
31.05
29.81
29.27
28.74
27.86
28.35
30.01
30.94
32.05
32.37
32.81
32.71
33.31
33.76
33.26
31.01
31.36
32.3
32.28
32.87
31.63
27.68
27.21
25.05
25.4
26.71
26.92
26.65
26.21
25.57
26.02
27.2
27.86
25.04
23.83
23.15
23.01
22.56
23.75
24.72
23.19
21.73
22.12
22.77
23.23
23.96
24.3
24.26
24.67
23.12
21.71
20.27
20.7
18.64
19.1
19.99
20.3
20.81
21.85
22.08
22.55
23.41
23.38
22.03
20.81
21.54
18.99
18.09
19.51
18.73
18.88
20.16
21
21.55
21.63
21.69
21.81
18.35
16.98
17.45
18.02
17.82
20.02
18.14
17.89
19.93
20.97
20.25
15.01
12.65
12.53
13.41
13.76
14.49
17.48
16.84
13.42
12.07
14.2
14.29
16.64
14.23
12.95
13.1
13.69
14.82
10.97
8.04
8.9
10.58
9.59
8.23
8.53
10.06
10.57
10.72
10.79
9.64
7.74
7.37
8.78
11.6
10.53
6.51
6.61
6.58
6.55
7.12
8.53
6.13
6.05
6.72
6.52
6.68
8.95
10.81
8.06
7.31
7.81
9.68
13
10.77
7.96
7.6
8.94
12.12
13.45
14.16
10.2
5.67
3.2
3.71
6.31
6.03
6.26
7.66
9.5
12.18
11.57
10.86
11.65
11.54
7.54
5.56
6.26
7.59
7.19
7.52
10.8
12.03
7.35
4.18
5.23
6.29
4.34
4.87
6.75
4.93
5.14
5.43
5.74
4.57
4.09
4.58
6.41
6.23
7.04
4.45
4.03
5.66
5.33
6.73
7.61
8.18
10.76
10.46
10.28
11.27
12.14
9.08
7.68
8.25
8.88
9.47
10.94
10.92
10.66
11
12.68
12.69
12.81
12.17
12.41
12.97
12.03
12.93
13.32
12.54
14.2
13.58
13.08
14.68
17.37
18.7
19.39
15.67
14.77
15.61
16.57
17.7
18.66
18.04
17.66
16.83
16.1
16
17.01
18.55
18.46
18.08
18.42
18.5
18.04
18.53
18.22
14.94
13.54
14.13
13.93
15.2
17.91
20.52
21.17
19.74
19.43
20.58
20.91
22.57
20.85
19.47
20.07
20.67
20.71
20.74
21.41
19.99
16.67
17.96
18.73
20.55
21.67
23
22.94
23.64
23.59
24.23
24.43
24.7
23.2
19
20.64
22.29
24.04
24.97
26.23
26.96
26.59
25.67
27.66
27.83
26.12
26.66
25.79
26.43
26.18
27.45
26.5
27.69
25.55
24.05
24.54
24.81
26.34
24.71
24.36
23.52
23.63
28.09
26.87
27.29
28.58
27.75
28.33
28.58
27.32
26.27
26.21
26.08
25.31
25.15
25.63
26.45
26.7
26.67
26.89
25.9
26.07
25.76
27.09
28.26
28.86
28.39
27.46
28.13
28.9
28.35
28.45
28.97
29.63
30.02
30.16
30.66
30.55
30.57
30.09
30.34
31.03
31.28
30.91
30.49
27.96
24.72
26.06
25.95
24.5
24.67
26.16
27.36
28.34
29.19
29.54
29.41
28.59
27.15
27.23
25.88
26.86
27.55
25.72
24.81
25.28
24.21
23.57
24.72
25.26
25.74
25.04
23.8
23.77
25.53
26.39
27.42
27.68
28.29
28.75
26.55
25.85
24.98
25.36
25.71
26.08
25.67
26.44
27.22
25.87
23.94
23.12
23.14
23.66
24.77
25.85
26.19
26.74
27.35
27.96
28.34
28.01
27.29
26.17
26.85
26.13
25.66
25.94
25.25
25.27
24.46
23.4
24.07
22.77
22.29
19.46
18.82
20.7
20.99
20.59
21.88
22.35
20.89
19.31
19.25
18.28
18.02
16.45
17.35
16.9
17.19
19.23
18.63
18.65
20.1
21.3
19.93
18.68
21.37
21.69
21.73
22.53
22.28
19.13
19.44
19.6
15.9
13.75
12.93
13.66
14.33
15.07
15.22
14.4
14.42
12.43
11.98
11.95
12.54
13.4
15.39
16.22
16.44
16.08
14.89
14.08
13.76
14.94
11.06
9.93
11.96
11.01
9.78
10.82
8.15
7.03
6.96
6.74
7.43
9.76
10.77
10.39
10.21
10.47
9.55
9.18
9.23
7.5
5.7
4.54
6.99
6.98
7.82
6.93
7.38
7.62
4.31
2.21
1.75
2.81
4.79
5.98
7.8
9.62
11.78
11.96
13.69
14.93
11.66
9.12
5.49
2.85
3.8
4.8
7.52
9.27
9.12
10.4
7.76
5.73
4.18
3.25
3.15
3.83
5.95
7.65
9.47
7.38
4.45
6.2
8.54
9.36
8.36
7.29
7.49
6.82
7.07
7.11
6.93
7.26
7.45
8.47
9.7
9.08
8.29
6.44
7.37
8.79
9.93
11.89
11.77
12.68
10.35
10.2
9.96
10.26
13.61
13.43
12.68
11.35
10.46
10.34
11.5
11.17
10.67
9.52
10.49
11.6
13.15
13.18
14.05
13.76
11.72
11.4
11.02
11.66
13.47
11.5
11.54
10.03
10.38
10.33
12.49
11.96
13.07
15.4
11.66
11.85
13.46
13.03
10.58
11.04
12.66
15.21
15.78
14.9
13.66
14.23
15.25
17.22
18.16
15.51
16.4
16.93
18.35
17.77
17.16
16.44
16.88
18.03
18.05
18.38
19.18
19.09
19.62
21.24
21.89
19.25
18.41
18.15
18.57
18.24
19.78
21.32
17.32
18.05
17.11
14.75
14.49
15.26
17.2
19.56
19.12
20.9
21.4
23.95
24.74
22.73
21.88
22.56
20.46
21.6
22.6
23.13
24.23
26.13
27.3
28.12
27.07
26.95
24.73
23.95
21.65
21.75
23.43
23.57
23.31
24.53
25.67
25.97
26.35
24.61
26.56
27.34
28.2
28.44
26.77
27.55
27.23
26.63
26.14
25.85
27.21
26.84
27.61
27.68
27.47
27.46
27.46
27.96
28.53
28.75
29.23
29.59
29.92
30.2
30.84
29.18
28.28
30.19
28.23
28.32
28.38
27.74
28.25
28.64
29.14
29.96
30.78
30.84
30.45
31.17
31.35
31.26
30.96
31.47
32.11
32.49
32.83
32.76
32.15
32.54
31.63
26.69
27.14
27.54
28.12
28.45
28.8
29.45
29.75
29.97
29.36
28.79
28.97
28.77
29.01
29.17
29.21
29.91
28.74
27.13
26.97
26.56
28.36
29
29.14
29.56
28.22
29.06
29.1
29.46
29.35
29.59
27.59
27.97
27.86
27.67
27.45
27.6
28.19
28.23
28.11
27.7
27.62
27.94
28.01
27.78
27.9
27.07
27.38
28.38
26.82
26.25
24.73
24.65
27.04
27.33
27.4
27.07
27.07
27.2
27.44
27.84
27.64
27.08
27.67
25.79
24.94
25.05
26.02
26.32
26.35
25.77
21.88
20.81
20.24
20.08
20.44
20.89
20.74
21.28
20.96
21.16
21.3
21.7
22.39
22.46
21.04
20.09
19.57
16.86
15.54
15.9
16.61
17.47
17.42
17.56
18.14
16.9
14.26
15.31
16.63
18.85
18.86
17.24
18.76
20.98
19.16
16.99
17.42
19.89
17.44
16.43
16.47
12.8
11.95
12.09
13.22
12.93
12.07
13.31
14.03
13.93
13.12
14.55
15.95
12.67
10.47
9.94
9.86
9.67
11.52
9.51
8.18
7.43
5.15
4.28
3.14
5.19
7.37
8.63
8.55
8.97
6.94
7.14
8.4
8.34
6.54
7.05
7.2
7.41
9.27
9.95
9.39
9.49
11.14
11.3
10.45
10.63
9.6
12.24
11.8
11.02
11.57
10.39
9.55
10.03
12.23
10.02
8.39
7.8
9.98
8.84
8.54
11.64
11.3
8.43
8.91
11.94
12.16
9.48
10.59
8.91
9.41
10.17
10.75
11.28
12.41
10.1
9.14
8.69
11.37
12.17
11.77
9.61
9.84
9.09
9.07
9.3
9.05
9.27
6.47
5.77
7.12
10
12.16
12.79
7.06
3.4
3.44
5.16
6.58
7.72
7.92
9.83
11.18
10.11
12.27
14.63
17.17
16.04
15.43
15.98
17.34
16.75
18.95
19.5
15.87
16.11
17.38
19.44
16.1
14.57
14.91
16.3
13.94
13.15
12.04
12.05
9.19
8.7
7.61
8.85
10.87
12.04
13.99
14.49
14.89
16.82
18.17
18.88
19.5
17.44
18.86
21.21
21.32
18.2
18.23
19.27
20.84
20.47
24.97
25.46
25.54
26.09
26.68
26.62
26.86
24.7
23.89
26.13
25.88
27.65
27.02
20.05
21.69
21.84
21.74
19.5
20.54
20.65
22.41
23.14
22.93
20.86
19.08
20.23
20.87
23.79
21.74
19.75
20.91
22.65
22.57
21.22
21.27
22.09
23.62
25.2
26.53
27.2
27.34
27.59
28.54
29.39
29.41
29.38
29.21
29.73
28.99
25.84
25.79
26.08
24.97
26.9
27.75
29.02
29.7
28.97
29.48
30.21
31.19
29.54
30.56
30.03
30.25
30.89
27.6
27.21
28.3
28.76
28.99
28.22
27.76
28.14
27.78
27
26.57
27.61
28.38
29.2
30.05
31.38
31.65
29.91
30.72
30.54
30.26
29.65
31.36
31.73
29.1
29.73
30.16
30.17
31.41
32.36
33.34
34.15
34.5
35.05
33.14
28.82
27.93
28.33
29.63
30.37
30.06
29.04
29.71
29.66
29.91
30.49
31.06
31.4
31.48
31.52
31.61
31.76
31.96
32.4
32.83
31.88
32.67
32.87
32.37
31.54
32.54
32.5
33.24
33.87
33.85
32.67
30.18
30.31
31.14
32.46
32.68
28
28.14
26.5
26.35
27.36
28.12
26.48
25.64
25.38
25.77
25.28
25.05
25.05
25.61
25.42
26.19
25.66
24.45
24.1
25.4
27.27
23.79
22.43
21.79
21.78
21.94
22.14
22.06
20.45
20.27
21.06
22.04
20.62
20.16
22.37
23.52
24.83
25.11
25.42
24.5
24.11
23.12
22.03
21.08
20.65
19.17
17.04
17.06
18.7
18.04
18.64
19.31
17.31
14.99
15.19
15.24
13.4
13.66
14.92
17.29
19.17
15.76
15.75
15.71
16.85
14.62
13.31
12.17
11.91
14.17
15.68
15.6
15.21
15.76
16.8
15.81
12.66
12.11
13.2
13.53
11.46
9.62
10.54
10.99
10.19
9.91
10.19
11.7
12.59
13.68
13.96
14.96
16.12
16.74
13.76
7.28
6.34
5.75
5.21
4.76
5.91
6.82
5.28
3.88
5.15
7.4
9.85
9.05
8.67
9.09
9.72
11.83
12.77
11.09
10.19
11.1
9.37
7.94
7.61
8.33
6.89
6.35
7.19
9.69
11.8
11.95
8.88
6.74
6.28
7.12
9.06
9.9
8.85
7.16
6.4
7.1
7.15
10.27
7.77
4.06
3.31
2.27
2.33
2.89
3.88
4.46
4.35
4.51
4.26
3.9
5.39
5.79
6.32
6.54
4.37
5.29
4.3
3.38
3.98
2.81
2.98
3.59
4.56
6.79
7.49
5.8
5.46
5.17
5.98
7.84
5.44
2.74
2.24
2.12
4.54
5.5
7.72
9.61
10
10.86
12.29
12.09
9.35
9.47
10.17
12.95
11.34
9.43
7.89
8.03
9.6
10.63
11.19
12.51
14.64
15.01
14.86
15.79
17.12
17.19
15.87
14.15
13.77
15.3
17.27
17.56
17.95
18.49
18.91
19
19.02
18.93
19.05
19.4
19.05
18.23
17.76
17.9
19.38
20.29
16.6
14.83
12.2
11.63
12.15
12
13.29
14.13
14.46
13.11
11.33
13.75
14.99
14.81
16.74
17.45
19.22
19.59
19.96
20.22
20.14
18.33
18
17.68
19.68
20.3
21.69
21.96
22.25
22.36
23.61
23.56
24.14
21.96
22.7
23.56
23.59
22.42
25.29
25.62
25.91
24.36
23.33
23.3
22.81
21.71
22.7
22.25
23.41
24.08
22.52
22.94
22.6
22.89
22.78
23.2
22.9
23.42
23.95
23.99
24.7
24.82
25.03
25.17
26.09
25.2
25.73
26.68
27.55
27.88
28.41
26.18
25.65
25.93
25.4
25.53
27.5
26.04
25.35
25.54
26.22
26.45
26.36
24.91
25.15
25.37
25.11
26.03
26.84
27.42
27.94
28.23
28.04
28.29
28.34
28.68
28.38
26.59
27.85
27.27
26.11
26.9
27.97
28.36
28.34
28.15
27.78
28.42
28.22
28.86
27.72
27.78
27.37
27.57
27.87
28.41
28.98
29.28
29.34
28.84
28.91
28.66
28.54
29.21
29.61
29.96
30.44
30.56
29.99
30.48
31.06
31.09
31.51
31.61
31.35
29.45
28
26.91
28.29
28.33
28.21
28.34
28.57
28.34
28.33
28.56
28.52
28.54
28.52
28.22
27.45
27.09
27.06
26.45
26.12
26.96
27.1
27.3
26.36
26.1
23.48
22.62
23.4
23.64
23.1
24.57
24.9
24.88
25.57
25.62
25.59
25.7
25.04
25.52
24.76
24.69
25.15
24.23
23.71
24.28
24.49
25.72
24.43
25.13
24.85
25.17
25.59
24.13
21.77
20.98
20.93
21.12
22.02
22.04
20.55
19.83
21.45
19.11
18.12
18.29
20.18
16.04
15.17
15.75
14.54
13.73
14.15
15.03
15.24
15.54
16.25
15.03
16.02
15.55
16.32
17.24
14.11
12.89
13.65
15.04
16.75
18.28
19.21
17.83
17
13.66
13.11
15.28
14.95
16.01
17.84
14.29
10.81
9.72
10.52
10.24
10.01
10.34
11.26
9.96
11.31
13.01
13.85
9.36
9.89
10.64
9.61
10.94
10.34
7.43
6.42
6.88
6.15
6.45
6.66
6.13
4.93
5.25
6.73
6.92
8.08
7.84
6.97
5
6.36
5.83
5.45
5.76
5.54
4.74
4.76
4.82
4
2.71
2.6
4.62
8.2
10.93
12.94
11.24
8.01
8.15
7.21
7.28
6.7
6.69
6.69
7.63
4.68
3.88
3.29
2.83
4.4
3.45
2.61
2.87
3.77
5.18
5.55
8.53
8.57
5.15
5.03
3.8
6.29
8.22
11.56
9.58
6.79
6.32
6.3
7.08
6.79
6.61
6.28
6.29
8.47
6.22
5.57
6.64
6.69
7.72
7.93
5.71
5.75
5.29
7.13
8.89
7.18
7.15
8.41
9.79
10.61
12.95
8.19
7.8
8.42
6.43
5.88
5.08
7.9
10.05
10.09
11.93
13.3
13.73
13.44
13.13
14.44
11.96
11.83
12.43
13.46
12.92
12.1
10.71
13.32
15.87
18
13.92
13.96
16.73
18.54
15.11
13.34
15.25
14.26
14.01
15.82
16.52
16.63
13.08
14.89
14.14
13.72
13.21
13.22
14.48
15.88
16.43
15.23
16.45
17.59
20.59
20.12
19.78
20.84
20.49
18.42
17.12
16.84
17.93
18.98
21.19
19.93
17.49
17.54
19.48
20.09
19.44
20.15
21.32
21.64
19.07
18.7
21.16
19.78
19.12
19.66
20.39
21.76
22.31
22.91
22.08
23.69
24.8
25.89
25.93
26.61
24.61
25.47
25.37
25.89
26.27
26.47
26.98
26.84
27.14
26.51
25.53
26.39
26.42
23.39
23.25
25.41
26.02
26.66
26.73
27.41
26.88
24.25
25.68
26.63
26.95
26.3
26.49
26.59
26.17
26.83
27.4
27.62
27.22
26.85
26.2
27.11
27.85
26.9
27.27
27.68
27.65
27.57
27.48
26.82
27.26
27.64
27.81
26.67
26.86
27.46
27.86
28.29
28.36
28.56
28.84
29.33
29.8
30.01
30.13
30.5
30.63
30.32
30.62
31.06
31.06
31.09
31.65
32.07
32.18
32.42
32.63
31.34
31.04
30.93
31.7
30.3
28.33
28.22
27.83
27.54
27.22
26.44
26
24.81
23.08
24.4
25.82
27.04
27.81
27.67
27.22
26.91
27.7
28.23
28.43
28.41
27.84
27.64
27.63
24.1
23.96
24.6
25.32
26
25.74
24.12
24.16
25.09
26.47
25.83
23.92
21.94
20.88
20.88
21.24
21.38
21.93
22.62
23.22
23.17
23.32
23.2
23.04
22.93
22.8
22.57
21.63
21.32
21.39
22.05
23.06
23.33
22.2
20.04
18.91
19.61
20.38
21.5
22.02
22.25
21.48
19.83
17.93
17.13
17.85
17.75
18.73
19.09
17.26
14.39
14.55
14.67
15.11
13.09
12.22
13.55
16.16
15.48
16.17
15.85
16.66
17.46
15.04
13.58
13.9
14.95
16.29
17.45
18.63
17.21
16.42
13.68
12.67
14.46
14.38
15.24
16.87
13.74
10.51
9.55
10.53
10.33
9.98
10.53
11.36
10.42
11.27
12.36
12.87
9.19
9.9
10.07
9.13
10.36
10.02
8.2
6.82
6.52
6.02
6.59
7.24
7.1
5.01
5.11
6.58
7.11
8.33
7.78
6.33
4.46
5.93
5.8
5.66
7.17
6.68
5.1
5.12
5.38
7.49
6.81
7.88
9.05
6.48
5.3
5.17
6.46
8.22
9.54
7.01
6.35
7.54
6.06
7.08
5.45
4.38
6.02
7.59
8.79
7.96
7.23
8.32
9.38
7.11
7.59
5.72
4.22
2.34
2.5
2.65
5.08
6.62
6.15
6.34
5.68
7.43
10.76
13.37
13.36
13.34
12.64
12.01
11.09
12.26
9.6
8.9
9.23
12.13
12.02
9.79
9.67
8.59
8.19
9.49
11.95
12.88
14.95
11.83
8.33
7.65
8.04
11.03
11.72
14.71
16.27
16.65
16.1
16.33
17
12.29
10.49
10.15
11.63
12.37
13.92
15.55
17.13
14.82
15.15
15.45
16.16
16.86
16.43
14.08
13.76
12.21
8.65
10.67
13.4
12.29
12.26
12.26
12.21
14.83
12.41
10.71
11.55
14.2
16.39
15.1
15.25
14.17
13.73
14.87
15.54
16.53
16.2
17.6
16.01
16.46
17.79
19.25
20.07
19.68
22.38
21.97
21.69
20.65
19.82
21.07
22.83
18.12
18.27
17.89
17.83
21.04
21.89
24.68
22.67
20.29
18.85
19.43
22.65
23.22
24.26
22.85
22.06
21.75
22.09
22.37
22.79
24.93
25.28
25.5
25.97
25.43
23.81
23.98
24.6
25.31
25.85
26.26
26.11
24.57
25.16
25.31
25.96
26.51
27.07
27.49
25.95
26.04
27.85
28.16
27.83
28.22
28.5
28.71
29.02
29.24
29.6
30.33
30.9
31.12
31.44
31.74
31.75
32.24
31.6
29.01
30.4
31.26
31.64
31.98
31.33
29.9
28.55
28.6
29.09
30.66
32.19
32.59
33.11
33.77
33.64
34.13
32.71
30.19
29.06
29.28
30.2
30.69
29.61
30.14
31.01
32.16
30.1
27.73
28.97
28.9
28.62
28.25
29.13
29.56
28.99
29.42
29.25
28.82
29.61
29.49
29.7
30.11
29.05
28.83
28
28.61
29.18
30.15
30.85
29.4
28.49
28.48
27.68
28.29
28.42
29.64
30.66
31.12
28.53
28.01
27.14
26.81
26.13
26.34
27.42
25.65
26.44
26.94
28.09
28.65
28.98
29.54
28.39
27.21
26.05
25.54
24.64
25.25
24.83
24.37
24.83
24.72
24.88
25.24
23.62
21.64
20.32
20.56
22.22
22.92
22.66
20.7
21.52
23.2
20.02
19.38
19.63
19.32
20.19
18.27
19.94
17.19
16.55
16.13
17.12
18.26
18.3
17.81
17.47
16.78
15.94
17.85
19.09
18.91
17.17
15.37
15.18
16.62
15.91
15.33
15.25
17.16
14.86
14.62
14.96
15.48
15.79
15.95
16.22
17.08
17.34
17.49
18.19
17.48
17.41
16.82
17.31
17.55
16.76
13.81
12.32
11.81
12.56
14.52
14.8
13.67
13.24
12.37
11.36
10.99
11.18
12.54
12.62
10.87
9.77
9.64
8.08
6.52
6.12
7.18
6.95
7
4.59
3.24
3.39
5.79
8.57
8.36
5.56
4.99
6.05
6.66
6.42
5.8
6.99
9.09
10.32
6.68
5.59
5.28
4.87
4.3
4.14
4.75
4.84
3.8
3.75
3.85
3.6
3.4
3.53
2.56
1.84
1.5
1.29
1.92
2.14
3.34
6.44
7.64
8.04
7.97
8.28
8.47
9.18
9.09
9.24
10.34
8.94
7.45
7.08
8.97
6.83
4.32
3.73
3.51
3.83
4.96
5.51
6.13
7.33
6.29
6.36
6.2
4.06
3.87
4.35
5.15
6.09
5.25
3.97
4.17
4.97
6.07
7.23
8.34
8.25
5.95
5.87
5.73
6.09
6.1
7.02
7.79
7.46
7.16
7.53
6.9
10.66
11.81
12.04
11.67
12.34
11.54
11.24
10.87
11.28
11.14
11.67
11.85
11.26
11.67
12.8
8.48
6.48
8.66
11.17
12.88
12.71
11.73
11.68
11.78
12.77
14.16
16.38
17.74
18.01
15.69
17.6
19.08
19.8
16.66
15.32
15.2
16.67
18.52
19.1
18.58
18.72
18.99
18.97
16.72
15.68
16.16
16.35
18.3
18.95
20.03
18.92
18.37
17.17
16.92
16.87
19.36
20.48
19.01
19.16
18.26
18.53
20.8
21.37
22.02
19.96
18.33
19.28
20.92
21.97
20.02
17.85
19.3
21.09
21.9
22.36
22.34
23.27
23.43
24.2
24.66
24.77
24.91
25.41
25.96
27.63
26.27
26.48
26.57
27.04
27
27.14
27.6
28.02
28.74
28.21
28.88
28.74
27.85
28.28
28.43
28.85
26.26
25.47
27.21
27.62
27.98
28.76
28.96
28.55
29.13
29.4
30.29
29.83
29.98
28.89
27.97
28.6
28.37
28.33
28.18
26.63
26.68
27.59
28.31
28.32
27.74
26.92
27.03
28.11
27.13
28.64
29.15
29.37
29.74
30.04
29.99
29.87
29.96
29.98
29.67
29.91
30.07
30.14
29.4
28.53
28.71
28.84
28.86
29.68
30.4
30.14
30.26
30.48
30.89
30.88
31.34
31.31
31.27
31.4
31.68
31.98
32.09
32.4
32.41
32.29
31.85
31.81
31.37
32.22
32.36
32.71
32.75
29.98
28.38
28.3
28.28
28.42
29.47
30.12
30.37
28.94
28.17
26.1
24.36
24.63
26.67
27
26
26.33
27.84
28.19
27.31
27.47
27.84
27.68
27.89
27.63
27.53
27.53
27.11
26.69
26.66
26.41
27.01
26.27
24.81
22.44
22.49
22.66
22.85
22.4
21.71
20.34
18.97
19.07
19.69
20.7
20.85
20.85
21.24
20.78
20.77
20.72
19.04
19.51
19.56
19.35
19.97
21.04
20.13
20
19.76
20.08
19.66
19.06
18.59
17.72
16.48
15.5
16.05
16.95
16.79
16.63
16.29
15.38
13.98
13.18
14.13
15.32
16.49
16.88
17.53
17.52
14.79
13.37
13.95
13.76
13.21
12.36
12.1
13.79
16.36
17.55
15.03
17.12
13.26
10.47
10.32
11.12
12.84
10.2
9.2
9.63
10.42
11.08
9.26
8.09
8.01
9.22
9.15
9.45
10.01
7.42
6.54
7.42
8.97
9
8.8
8.24
8.23
10.34
10.71
9.31
8.36
8.79
7.27
5.75
5.66
6.63
9.39
12.01
10.26
6.89
4.93
6.41
7.18
6.69
7.71
8.49
7.37
6.74
6.09
4.04
3.23
3.02
4.47
5.91
6.85
7.22
7.65
6.7
5.84
4.08
5.44
5.84
6.9
7.17
6.9
7.47
8.7
9.59
8.42
8.48
5.3
4.81
4.65
4.54
4.34
4.42
5.29
5.19
3.28
2.54
2.69
4.59
6.35
7.13
9.02
10.57
13.55
13.63
14.73
15.55
13.61
11.06
13.5
15.02
10.81
10.91
14.83
13.03
11.51
12.17
12.88
13.71
11.44
10.34
11.28
12.69
11.99
11.84
12.28
14.01
14.16
12.32
11.61
13.9
17.14
17.75
17.31
18.38
18.24
18.79
17.41
16.1
17.63
16.4
13.78
13.33
13.21
12.74
13.45
15.42
16.76
20.07
17.58
15.69
17.99
20.4
21.72
22.52
22.65
21
20.36
20.73
21.79
18.46
18.64
19.15
22.41
23.69
20.28
19.49
22.69
20.49
17.76
19
18.61
17.13
17.87
18.78
20.14
16.15
15.14
16.48
17.77
18.9
19.64
22.16
23.8
24.6
23.71
22.27
22.69
21.1
20.3
20.21
20.7
21.1
22.17
23.19
21.61
23.36
25.19
24.91
24.42
23.4
23.16
24.22
26.35
26.67
26.11
26.7
27.37
27.18
27.57
27.75
28.13
28.77
29.3
29.32
29.47
29.51
29.87
30.09
30.33
30.19
29.86
30.06
30.43
31.16
31.13
31.07
31.14
31.32
31.49
32.16
32.44
32.81
33.49
33.53
33.62
31.76
33.71
33.54
33.97
33.77
34.01
34.36
34.89
35.95
35.69
35.99
35.36
34.13
32.41
32.2
33.09
33.73
33.92
34.43
34.53
35.08
35.79
35.48
35.76
36.43
35.38
35.43
36.75
36.99
36.39
36.52
37.23
37.6
37.85
38.48
38.7
38.46
38.27
36.67
37.48
38.04
35.45
29.71
30.7
29.25
31.16
31.21
31.46
31.42
32.06
31.77
32.39
30.85
32.55
32.96
31.42
31.95
31.49
32.07
32.11
31.33
30.88
31.38
31.75
31.54
32.26
30.33
28.78
28.54
27.7
28.56
28.27
28.53
29.27
29.15
30.56
30.3
25.91
22.77
24.66
25.59
24.66
24.35
25.02
22.26
21.8
23.37
23.34
23.18
24.06
24.51
25.06
23.77
23.23
23.02
23.31
23.75
22.97
26.93
26
24.56
21.88
22.28
22.28
22.75
21.44
21.72
22.32
22.78
22.35
18.99
17.21
17.12
18.19
17.65
20.31
19.87
20.25
19.93
15.92
15.65
14.7
15.54
15.8
16.93
16.24
12.78
12.81
13.45
16.45
18.65
17
13.84
13.08
12.76
13.22
14.97
15.52
16.1
13.37
11.57
11.71
15.52
12.84
11.59
11.76
12.42
12.45
13.71
13.09
9.08
8.94
9.26
9.13
9.96
9.66
11.24
9.76
7.32
5.61
5.08
6.17
6.46
6.58
6.29
7.52
9.19
12.8
10.39
8.62
8.16
8.97
10.52
9.4
8.25
7.78
6.87
6.01
6.35
8.04
7.43
7.14
7.89
9.07
8.83
8.32
6.95
6.38
7.49
7.52
8.36
8.84
9.12
8.04
8.14
7.68
4.61
4.84
6.23
6.55
10.91
8.44
5.76
7.07
7.55
6.5
8.13
8.51
8.42
9.39
8.66
8.67
7.9
7.13
8.72
12.26
11.28
11.12
13.89
10.26
8.79
9.08
10.2
8.25
6.91
7.4
4.6
3.88
4.68
5.83
9.52
10.08
10.49
10.11
10.02
9.6
8.95
10.37
11.29
9.78
9.16
10.3
11.67
13.15
13.14
12.41
12.94
11.48
11.32
12.61
13.59
15.5
12.58
11.39
10.99
11.72
14.01
15.62
17.67
18.8
18.91
19.24
18.8
17.27
16.65
16.23
15.24
16.05
17.78
19.19
19.68
19.62
19.9
21.17
21.7
22.78
23.14
23.32
19.9
19.51
19.32
19.79
19.65
19.24
20.1
21.3
21.38
20.34
20.57
21.57
21.07
20.43
20.84
21.51
21.85
20.57
20.26
19.65
19.86
20.97
23.27
23.46
24.25
23.86
23.53
24.2
24.55
24.97
25.99
25.47
26.19
26.3
23.76
23.47
23.73
24.1
21.37
21.69
23.04
23.16
23.98
24.8
24.92
25.03
25.29
22.98
24.71
25.32
25.69
26.84
27.74
27.2
26.34
27.48
28.1
27.44
26.68
24.61
25.95
27.68
28.43
28.12
25.51
24.98
26.05
26.61
27.45
28.41
27.44
26.38
27.99
28.26
28.56
28.41
28.52
28.41
28.37
27.5
29.06
29.5
29.8
30.37
31.17
31.6
31.22
32.03
32.53
32.26
32.01
33.01
33.51
33.9
34.22
33.57
32.57
30.57
30.08
31.12
30.86
31.43
32.18
32.18
32.63
33.28
34.15
35.24
35.93
36.06
36.24
36.11
36.05
36.48
36.05
35.68
36.08
36.79
37.43
37.71
38.59
38.62
38.61
38.61
38.38
38.28
35.91
34.57
34.36
33.99
33.53
35.39
34.91
32.82
34.98
31.27
29.58
27.22
27.33
28.11
28.5
27.89
26.94
27.58
29.1
28.69
29.45
29.59
28.44
28.73
29.87
30.41
30.75
31.33
31.51
31.86
32
31.21
28.56
28.42
28.85
28.6
30.07
26.33
23.46
23.43
24.04
25.95
26.49
25.71
27.34
28.35
28.65
28.05
28.09
29.59
26.99
24.91
25.06
24.63
23.99
23.1
22.88
22.21
21.29
19.97
17.12
16.7
16.28
17.92
18.36
20.21
22.1
22.13
20.86
20.36
20.72
21.38
18.8
18.15
19.17
22.33
22.51
22.64
22.27
20.69
17.31
16.09
15.78
15.96
16.95
18.05
18.52
19.35
19.13
18.03
17.97
17.21
17.36
18.12
20.38
20.7
17.47
13.17
12.53
12.38
12.44
13.04
12.41
13.42
15.49
15.81
15.63
16.97
14.69
12.06
13.1
12.37
11.42
11.42
13.1
14.35
16.33
15.92
17.96
15.89
13.86
14.56
14.14
14.25
12.44
9.31
8.18
8.35
10.47
11.58
11.33
11.55
10.51
10.16
11.6
9.18
7.73
8.66
9.57
8.1
6.28
4.23
4.35
4.85
4.03
3.74
5.72
5.08
5.25
4.94
4.81
6.57
5.86
5.17
6.73
9.19
11.14
11.18
8.66
4.37
4.2
3.47
3.82
5.71
6.16
7.55
8.39
7.29
6.66
8.68
9.33
7.84
7.74
10.54
14.17
14.84
9.75
8.12
7.3
8.21
8.97
11.5
11.28
11.99
13.15
10.91
9.12
11.22
10.25
8.44
9.1
9.74
8.81
8.35
9.05
11.03
9.67
7.42
6.84
5.96
6.52
7.85
7.67
7.63
7.2
6.77
6.54
7.2
8.51
11.62
9.36
8.77
10.12
11.43
13.15
9.76
9.05
9.91
11.02
12.37
14.29
16.5
12.84
12.89
11.89
13.24
12.25
11.57
10.96
9.69
8.55
9.89
11.24
14.07
16.05
18.08
18.13
16.93
10.99
9.64
10.83
12.36
15.36
16.08
19.06
19.5
10.34
11.58
14.06
15.48
17.45
20.46
17.38
18.61
13.13
12.26
13.96
15.95
17.17
12.18
12.43
14.78
16.29
17.14
18.61
20.37
21.11
21.69
12.62
12.6
12.62
14.16
17.45
20.51
20.65
20.22
20.8
20.26
19.45
20.69
22.66
20.98
20.62
22.4
25.29
24.69
23.75
20.12
22.77
23.57
24.14
23.43
24.36
24.7
24.42
23.68
23.93
25.84
25.66
23.98
24.37
26.04
26.4
25.18
25.31
24.27
26.78
27.46
27.56
28.09
29.83
29.82
28.2
29.45
28.26
28.64
27.2
28.62
29.14
29.71
30.13
30.06
30.47
31.72
32.9
32.68
31.61
30.58
29.14
28.83
29.96
30.34
30.17
31.45
32.45
32.91
33.69
33.6
33.71
31.81
32.24
25.97
24.5
27.16
28.19
29.15
29.58
29.77
29.7
29.86
30.71
29.53
29.04
27.24
28.39
28.53
28.35
29.25
30.52
30.56
30.13
29.95
30.65
31.32
32.02
32.45
31.17
30.55
29.71
30.54
31.56
28.76
28.59
27.71
27.51
27.42
27.01
27.09
27.79
28.15
28.87
29.59
29.87
30.4
30.21
29.03
29.4
30.35
30.95
31.25
30.91
31.1
29.95
30.29
30.78
31.04
31.42
31.35
30.82
30.62
30.37
30.24
29.29
27.3
27.76
29.09
27.98
27.66
27.47
25.29
23.97
24.34
24.62
25.49
25.92
27
27.23
24.55
22.62
22.65
23.46
24.9
25.81
25.8
21.62
19.5
19.76
19.74
20.62
21.36
23.12
23.41
22.92
22.03
20.35
18.02
17.36
16.21
15.08
15.47
16.21
15.91
16.82
16.6
15.45
16.08
17.67
17.7
20.21
21.08
19.44
16.92
15.55
13.74
15.2
16.91
15.06
13.59
13.12
14.42
15.57
16
12.71
9.48
9.29
12.1
15.57
17.32
14.53
13.88
13.21
14.47
8.81
8.14
6.2
6.08
7.32
6.09
6.45
7.09
9
10.26
10.7
11.46
10.15
6.51
5.26
5.3
5.46
5.11
4.31
4.26
3.89
6.62
6.74
5.94
7.02
7.49
7.89
10.81
8.89
6.05
5.54
3.78
5.05
5.25
5.11
5.72
6.85
5.91
4.14
4.54
5.79
4.18
4.06
6
4.09
2.14
2.29
3.32
4.73
6.91
6.46
7.43
8.24
6.63
6.28
7.08
7.01
7.34
7.14
7.81
6.71
5.8
4.8
3.15
6.04
7.63
5.62
4.29
3.65
5.28
6.84
6.66
5.08
4.55
4.43
3.13
2.15
2.23
2.67
3.33
2.64
2.86
4.85
5.53
7.24
6.84
8.52
10.67
8.92
10.06
11.74
9.04
9.98
10.22
8.79
8.62
7.37
7.36
10.14
9.87
5.27
2.88
5.23
6.52
8.23
8.68
7.75
9.56
10.57
13.25
11.95
10.88
12.88
12.54
10.01
9.58
11.7
11.63
11.6
13.57
11.96
11.43
11.83
12.37
9.95
14.39
12.87
13.83
14.64
17.06
16.33
18.46
20.69
16.98
15.72
13.76
15.8
15.02
16.01
18.46
19.61
20.77
20.47
14.43
14.76
15.65
15.44
17.61
18.33
17.88
19.75
20.69
20.65
21.07
19.53
21.39
22.75
20.88
18.89
19.02
19
20.1
20.88
22.37
23.82
25
25.2
24.55
25.57
25.1
26.09
22.93
21.4
21.16
20.56
22.04
23.16
23.79
25.29
26.56
27.71
28.21
26.22
25.27
25.7
25.33
24.82
26.03
26.92
26.62
27.13
27.45
28.69
29.15
30.21
30.29
28.09
27.73
24.6
25.06
24.92
26.75
26.91
27.26
27.6
28.14
28.16
28.52
29
27.53
28.6
28.85
28.26
27.9
28.67
28.93
28.05
27.93
28.24
29.18
29.76
29.91
28.97
28.5
28.79
29.83
30.22
30.76
31.1
29.54
30.07
29.68
29.83
30.1
29.43
28.54
25.73
24.05
24.2
26
27.56
29.47
30.65
31.02
31.35
31.51
32.26
32.49
30.41
30.75
27.46
26.7
27.6
27.67
27.97
28.41
28.35
28.86
29.94
30.38
31.36
31.04
31.52
30.63
30.9
31.01
32.21
30.92
32.14
32.76
32.94
33.07
33.61
33.79
33.18
33.6
34.07
33.93
33.54
32.57
29.22
30.4
31.23
32.51
31.7
32.63
33.06
33.63
26.78
27.37
28.49
29.55
29.94
26.63
22.56
20.85
23.2
24.78
27.21
27.86
26.86
27.31
28.02
28.02
26.82
25.93
26.28
26.04
26.14
26.64
26.5
27.32
27.26
28.76
28.33
24.61
23.22
24.3
24.52
25.57
25.81
26.51
24.32
19.17
20.42
18.94
17.57
18.71
19.16
20.04
19.77
19.51
21.41
22.18
21.54
22.19
22.04
22.87
22.7
22.77
20.96
19.23
19.14
17.92
15.64
15.89
17.32
15.31
14.56
14.03
13.31
14.28
13.31
15.67
11.69
7.52
7.28
7.36
7.97
7.43
6.46
5.56
7.51
8.82
12.46
14.42
14.26
10.47
9.48
9.18
8.37
9.74
12.36
13.44
7.25
7.14
8.14
10.93
13.84
12.15
11.06
12.28
10.93
10.16
11.74
11.93
13.57
14.84
11.35
8.72
7.6
8.38
8.89
8.7
9.04
10.5
8.89
8.01
6.88
9.67
6.78
5.82
5.56
4.18
2.84
3.15
4.6
5.75
3.45
2.36
3.59
2.73
1.67
1.59
1.56
2.26
3.54
3.32
3.18
5.16
5.32
6.18
6.48
7.66
7.99
7.27
6.69
6.88
7.03
7.99
8.08
10.11
10.62
10.47
8.84
8.47
8.12
5.02
5.99
6.02
5.33
6.23
8.82
10.35
11.37
11.03
9.99
8.47
8.9
10.29
9.2
6.61
6.62
6.84
6.57
7.43
9.3
6.53
3.98
5.53
7.47
5.94
3.26
4.07
4.44
5.02
7.51
5.97
5.01
5.68
7.87
10.12
10.28
11.84
12.81
13.63
12.68
13.34
14.39
14.9
14.86
14.54
13.93
13.26
13.6
16.14
16.59
17.97
17.07
14.26
13.8
15.91
17.29
17.58
20.78
20.49
21.98
19.86
17.31
15.52
18.53
21.63
21.53
21.94
19.54
18.91
21.05
18.72
16.02
18.96
19.24
20.36
20.94
19.65
18.24
19.17
19.08
18.43
19.59
21.03
21.08
17.44
16.35
18.43
20.01
20.88
21.6
21.55
22.66
21.26
21.36
21.63
21.59
21.1
22.15
21.24
20.5
19.27
22.3
23.78
23.31
24.46
25.51
23.57
21.67
21.42
19.23
19.9
20.54
21.44
22.55
23.4
24.04
23.96
23.28
22.6
23.78
25.96
26.87
27.76
28.58
29.14
28.93
29.45
30.03
30.43
30.37
30.77
26.9
27.85
27.38
27.52
25.85
26.99
29.16
29.62
28.65
29.06
29.85
30.26
30.7
30.74
30.85
30.27
30.83
31.22
31.85
31
29.46
30.24
30.14
29.7
27.48
26.63
27.05
28.37
29.07
29.42
30.06
30.62
30.47
30.2
30.46
30.86
31.17
31.35
29.1
29.08
30.65
30.7
30.52
30.3
30.24
30.07
29.91
30.39
30
29.47
28.5
27.96
28.06
29.58
30.45
30.67
30.22
30.31
29.43
30.11
28.85
28.02
26.83
27.32
27.22
27.77
28.4
25.08
23.95
26.53
28.77
28.66
29.18
29.94
30.78
30.39
28.62
29.98
30.59
30.2
30.3
30.37
30.5
30.65
30.77
31.81
32.28
32.09
29.66
28.95
27.94
27.57
27.33
26.53
26.82
28.53
29.27
29.36
26.63
23.34
25.82
27.22
26.75
26.42
26.83
25.97
25.7
25.85
25.78
26.19
23.98
22.7
22.45
22.77
21.43
22.26
23.39
24.03
22.61
21.94
23.38
23.52
22.44
22.74
23.73
22.34
21.07
20.8
20.78
22.21
23.5
22.21
22.63
20.14
18.28
17.47
18.76
18.08
17.25
15.96
16.75
16.52
17.56
18.64
19.22
20.18
17.38
16.14
15.12
14.87
15.91
17.85
14.27
13.51
12.84
13.93
15.61
16.3
12.84
12.19
12.78
10.75
8.53
9.38
11.05
15.03
16.12
7.72
6.08
6.95
8.22
7.44
7.53
8.35
8.45
8.45
8.94
8.57
9.3
10.46
11.24
11.1
15.26
14.2
11.2
10.64
8.23
6.95
6.57
7.2
10.1
10.65
9.72
11.67
9.64
9.71
12.58
5.88
4.27
4.05
6.5
6.84
5.78
5.03
5.23
5.3
4.78
6.16
8.29
6.94
5.66
4.8
5.2
6.03
6.39
7.46
7.9
6.59
5.39
4.13
5.02
5.35
5.1
4.11
5.2
6.62
8.32
6.41
6.34
7.48
8.53
9.8
10.72
10.2
9.79
6.42
6.05
6.65
8.74
7.92
6.73
6.18
7.44
9.28
9.46
8.92
10.46
10.89
10.7
10.37
12.67
15.27
16.8
14.5
12.89
9.99
9.34
8.68
8.6
10.79
13.46
13.5
13.74
11.51
12.92
12.33
13.76
13.57
15.54
16
15.36
15.73
14.91
15.77
16.37
16.55
15.87
14.85
15.03
13.45
11.65
11.24
12.11
15.22
18.46
15.64
14.74
17.47
15.4
15.36
17.43
19.58
17.83
15.81
16.32
17.68
19.66
20.36
20.72
19.86
19.69
17.86
20.8
18.41
17.48
18.05
18.12
18.89
20.09
19.25
19.94
20.79
21.21
21.65
22
21.49
21.04
23.42
22.5
22.04
21.37
20.45
21.97
20.23
18.65
19.77
21.56
22.33
22.72
22.51
21.73
23.35
25.01
26.06
25.05
23.84
22.03
20.25
21.29
20.51
19.13
18.33
21.71
23.6
24.96
23.88
26.3
27.77
26.97
25.58
26.18
27.74
27.11
26.64
25.32
25.3
24.92
26.23
26.14
26.37
27.03
27.82
27.77
28.52
28.81
26.58
26.98
28.49
30.61
31.13
31.25
30.25
30.1
29.88
30.13
30.7
31.22
30.81
30.4
30.32
29.82
30.08
29.58
31.19
30.88
32.38
32.83
33.11
33.47
34.2
34.33
31.95
31.06
31.22
31.27
32.35
33.35
31.94
29.68
31.32
31.38
31.97
32.17
32.79
33.34
33.62
33.72
34.2
34.15
31.36
31.82
32.35
29.96
31.23
32.33
33.08
33.26
33.45
33.22
33.31
33.33
33.64
33.01
34.22
34.7
34.92
33.68
33.01
31.7
32.33
31.97
32.73
31.57
30.65
28.27
27.33
26.81
28.43
29.88
31.13
31.39
31.3
31.36
32.26
32.95
31.66
29.72
27.77
27.45
28.74
30.62
31.27
31.9
32.53
32.08
28.26
26.25
27.55
29.16
27.41
26.96
27.53
26.89
26.81
28.79
29.21
28.84
27.79
27.34
27.74
25.62
24.16
23.23
23.67
22.75
22.44
22.78
23.09
23.09
23.91
25.48
26.11
22.38
21.13
21.24
21.4
21.65
22.34
19.76
21.24
23.34
24.51
25.19
24.66
24.62
22.47
20.28
20.1
20.69
21.62
22.46
22.94
23.07
23.27
23.12
22.52
22.31
23.3
23.87
21.69
20.36
20.94
19.71
19.8
19.51
18.49
16.81
17.64
16.16
15.68
16.17
16.32
16.62
17.33
15.15
11.74
11.13
12.58
16.1
14.32
13.01
12.68
11.72
13.83
14.73
12.74
10.96
10.21
10.9
11.3
11.21
9.53
9.79
7.9
5.73
4.89
6.35
9.89
8.26
7.5
5.99
4.44
8.42
6.92
2.2
1.83
3.11
5.23
5.44
6.44
8.08
13.48
11.78
9.06
10.12
8.72
6.97
8.62
9.23
12.52
8.65
6.01
4.12
3.83
3.66
3.48
5.19
9.34
9.97
9.54
6.81
5.95
6.51
8.3
8.28
9.57
11.07
10.49
9.8
10.47
9.04
10.04
8.78
6.47
5.84
6.07
7.6
8.87
9.49
9.33
6.76
6.85
6.85
8.31
12.44
12.72
10.04
8.44
11.01
14.8
13.44
11.52
9.04
8.99
9.69
11.22
13.42
14.72
15.1
14.06
13.9
15.53
11.7
9.04
9.58
13.33
15.92
12.43
11.16
11.27
10.87
13.23
16.84
13.72
13.02
16.66
16.6
13.64
11.3
12.29
12
12.66
14.68
18.61
19.69
21.04
21.86
22.22
20.58
21.3
21.71
17.76
17.15
18.23
16.99
16.17
16.26
16.91
16.56
16.89
19.32
18.76
16.65
17.1
17.42
19.39
20.88
20.81
19.79
20.48
19.76
21.24
22.48
21.54
20.22
21.63
22.38
22.04
19.65
16.4
18.09
18.64
20.84
17.32
17.08
20.99
18.12
14.78
16.69
20.14
18.75
18.35
19.97
21.78
22.98
23.8
24.93
23.94
24.18
23.04
23.71
24.92
26.71
24.65
24.35
24.48
21.93
22.97
23.05
22.7
21.74
22.18
23.16
26.78
27.82
27.15
26.48
25.86
26.59
26.26
24.17
25
26.14
27.6
27.94
27.33
26.09
26.62
27.92
28.51
29.16
29.58
29.83
31.24
31.89
31.92
28.79
30.03
31.28
31.43
31.7
32.47
30.5
30.35
30.84
32.02
32.6
32.76
30.7
29.84
29.21
29.46
28.6
30.51
31.5
31.93
30.5
30.78
31.14
31.86
32.16
32.37
32.6
32.04
31.5
31.44
31.72
32.21
32.56
32.94
33.27
32.93
32.13
32.76
33.35
32.59
33.2
33.23
32.22
31.42
29.02
29.26
29.72
29.31
29.93
29.43
28.62
28.41
28.91
29.16
29.46
27.37
28.02
29.21
29.82
30.15
30.23
30.7
31.27
30.45
30.27
30.13
28.35
28.21
27.81
28.42
28.86
28.83
27.63
27.35
27.61
27.27
27.71
28.29
28.83
27.21
25.84
25.5
25.55
25.62
25.67
25.67
25.03
25.33
26.15
27.42
28.04
28.24
26.7
27.9
28.5
29.16
28.42
27.67
27.31
26.74
25.46
23.4
22.52
23.54
23.87
23.89
24.08
25.27
25.57
26.03
25.86
24.92
22.66
23.15
19.92
19.36
20.84
23.42
24.66
21.18
19.24
18.57
18.94
19.31
20.44
21.88
19.61
18.01
16.56
16.39
17.12
14.13
12.55
14.04
14.47
12.94
14.45
16.63
16.43
17.06
18.85
15.9
14.25
12.84
12.62
13.19
14.5
15.4
15.51
17.08
17.61
15.26
18.5
16.52
13.53
12.81
13.19
11.72
12.25
13.56
13.93
13.32
14.24
15.55
15.03
14.01
14.06
14.56
15.08
16.77
14.22
12.36
10.91
9.27
9.68
10.01
10.57
10.7
14.95
15.73
15.19
15.92
16.41
17.72
19.12
19.06
17.63
10.21
8.54
8.19
7
6.14
5.51
5.99
6.73
6.27
4.74
3.42
2.82
2.53
2.71
3.39
4.64
7
7.21
7.02
8.04
7.79
4.98
4.8
5.22
4.83
3.34
6.98
9.12
11.37
15.47
16.4
12.8
11.91
12.17
11.05
8.59
9.27
8.13
7.63
6.9
8.34
8.69
7.83
7.57
7.31
5.61
4.96
5.19
5.64
7.4
6.88
5.54
4.93
6.26
8.47
11.47
11.16
10.18
15.73
18.66
13.79
8.77
9.78
11.27
13.62
13.49
13.52
9.78
12.29
12.55
11.26
12.15
13.25
13.5
11.03
10.06
10.22
11.89
13.65
13.46
11.56
11.01
11.15
12.46
14.57
13.76
13.59
13.45
12.76
13.46
19.57
20.5
21.62
19.65
20.61
17.39
17.42
17.74
15.81
15.92
14.48
12.41
14.98
13.5
13.78
14.72
12.02
11.21
12.97
14.35
15.64
17.98
19.55
16.3
14.64
15.27
17.99
17.1
18.1
17.75
16.27
15.66
17.46
18.93
17.75
17.32
18.48
18.91
19.5
19.99
20.72
21.93
22.45
22.19
22.25
23.03
24.15
24.01
24.57
24.46
24.36
25.24
25.75
26.63
25.41
25.43
25.95
26.34
27.16
25.71
25.53
26.46
27.3
27.9
26.75
27.33
28.21
28.31
28.46
28.97
29.06
29.68
29.83
28.52
27.24
27.69
28.73
27.27
26.99
28.36
28.6
29.24
28.57
28.73
29.09
29.17
29.28
29.29
29.31
28.86
28.39
28.25
27.82
27.34
27.47
26.52
28.12
28.9
29.38
29.51
29.29
28.61
29.69
30.61
30.64
30.85
31.45
31.39
31.25
31.02
31.4
31.8
32.14
32.06
32.24
32.32
32.37
32.56
31.79
31.79
32.47
32.75
32.77
31.63
31.34
31.71
31.45
31.58
32.04
32.35
30.5
29.84
29.42
29.69
29.89
29.73
30.17
30.67
30.94
30.01
29.55
30.09
30.34
29.49
28.8
28.8
29.64
30.05
30.66
30.92
30.16
29.14
28.61
28.93
29.47
30.21
30.61
30.84
31.08
31.48
31.63
31.79
31.52
31.24
30.95
30.32
28.89
29.17
29.2
28.54
27.73
26.78
25.88
26.52
27.08
27.18
27.39
27.57
27.9
28.19
28.44
28.41
28.43
26.73
24.66
24.75
25.34
25.75
23.92
22.34
23.01
23.65
24.66
25.39
25.56
26.06
26.45
26.57
26.31
24.98
25.42
24.76
23.38
21.7
21.03
20.33
19.89
17.7
17.12
17.34
18.15
18.24
18.12
17.62
17.26
17.95
17.28
17.2
17.28
17.61
17.89
17.96
19.29
17.92
16.67
16.09
15.77
15.6
15.81
16
16.34
15.55
14.26
12.54
12.73
11.65
9.49
8.62
9.23
10.68
11.19
10.36
9.46
9.91
9.81
10.07
11.9
11.57
11.37
9.36
9.05
9.49
10.42
11.53
12.26
10.95
10.18
8.93
7.87
9.19
8.97
7.92
7.83
7.34
7.31
8.85
9.49
8.17
7.49
7.71
8.08
8.76
9.26
9.26
8.41
8.46
8.53
7.96
8.47
11.02
10.94
8.02
6.75
6.22
7.16
6.32
5.14
4.73
5.28
6.3
7.54
10.31
9.32
8.13
7.52
7.85
7.76
6.44
6.74
6.78
7.64
8.33
8.1
7.27
5.32
5.85
7.62
5.72
5.68
5.22
5.33
6.36
6.6
5.34
5.04
5.12
7.56
9.51
11.41
11.93
10.92
10.08
8.2
6.09
6.03
6.48
7.64
8.37
7.76
9.2
9.03
6.87
7.15
6.49
5.91
6.51
7.43
8.21
9.21
8.68
8.65
8.75
7.37
5.33
5.56
5.8
5.29
4.24
4.4
5.14
6.71
8.25
10
9.26
9.26
10.99
12.89
11.93
10.67
10.47
11.24
12.08
12.3
13.16
13.06
13.53
14.65
16.27
15.22
14.97
15.11
15.94
16.25
14.31
12.59
12.95
13.36
14.16
15.46
16.29
17.19
17.87
18.51
18.7
19.3
18.35
16.15
14.19
13.45
15.48
16.99
18.27
18.82
17.63
17.47
18.79
19.18
19.25
18.62
19.13
19.51
20.31
20.6
20.77
20.71
19.98
19.86
19.75
19.56
19.98
21.82
22.32
21.75
20.6
19.19
18.66
19.22
20.35
21.93
22.94
23.67
23.81
23.14
22.92
22.86
22.93
22.75
24.2
25.05
25.15
25.58
25.85
25.65
24.15
24.09
24.97
25.4
25.8
26.2
26.22
26.32
26
26.2
26.84
26.23
25.61
25.13
25.55
25.26
25.28
26.54
26.39
26.22
26.72
26.95
27.48
28.84
28.99
27.76
27.17
27.7
28.45
28.9
29.29
29.21
29.11
28.72
28.95
29.22
29.2
29.31
28.88
28.82
29.04
29.2
29.72
30.1
29.53
29.58
29.89
29.74
30.48
31.13
31.27
31.42
31.58
31.5
30.82
29.86
29.52
29.55
29.06
29.15
29.62
30.41
30.57
30.66
30.86
30.71
30.12
29.76
30.28
30.96
31.51
31.46
31.11
31.53
32.04
32.31
31.48
30.99
30.9
31.51
32.13
31.61
31.67
31.88
31.9
31.64
30.7
29.96
29.46
30.55
29.2
29.15
29.68
28.37
27.93
28.81
29.04
28.98
29.03
28.83
28.65
28.71
28.43
28.46
28.76
28.84
29.01
28.25
28.25
28.26
28.3
28.06
27.97
27.93
27.67
27.03
27.32
27.42
28.03
28.09
28.06
27.8
27.85
27.82
27.75
27.81
27.67
26.98
26.08
26.5
25.89
24.06
22.7
23.49
24.01
19.91
17.62
17.84
19.3
21.76
20.12
18.74
19.18
19.69
19.3
19.23
18.05
18.06
17.66
14.65
15.02
15.48
14.95
13.45
12.26
11.13
10.72
11.5
11.41
12.64
13.74
15.34
14.24
12.33
12.6
13.69
13.17
9.73
8.97
9.28
9.69
9.97
10.92
11.09
11.89
13.24
14.36
12.33
11.17
10.86
10.92
11.33
10.63
10.18
10.26
11.29
9.83
8.98
9.03
9.5
10.95
10.92
9.88
10.56
10.93
9.24
8.11
8.85
9.02
9.15
8.55
7.72
6.84
6.46
6.39
6.97
8.08
8.55
7.86
8.31
9.44
10.35
10.25
11.68
10.47
8.53
7.53
