20000101
20191231
0.042511846
0.042511846
0.042511846
0.042511846
0.042511846
0.042511846
0.042511846
0.042511846
0.074314601
0.074314601
0.074314601
0.074314601
0.074314601
0.074314601
0.074314601
0.074314601
0.075774931
0.075774931
0.075774931
0.075774931
0.075774931
0.075774931
0.075774931
0.075774931
0
0
0
0
0
0
0
0
0.085448276
0.085448276
0.085448276
0.085448276
0.085448276
0.085448276
0.085448276
0.085448276
0.155765086
0.155765086
0.155765086
0.155765086
0.155765086
0.155765086
0.155765086
0.155765086
0.189842672
0.189842672
0.189842672
0.189842672
0.189842672
0.189842672
0.189842672
0.189842672
0.221377155
0.221377155
0.221377155
0.221377155
0.396894636
0.396894636
0.396894636
0.396894636
0.454570881
0.454570881
0.454570881
0.454570881
0.454570881
0.454570881
0.454570881
0.454570881
0.485574713
0.485574713
0.485574713
0.485574713
0.485574713
0.485574713
0.485574713
0.485574713
0.774183908
0.774183908
0.774183908
0.774183908
0.774183908
0.774183908
0.774183908
0.774183908
0.844854406
0.844854406
0.844854406
0.974497028
0.974497028
0.974497028
0.974497028
0.974497028
1.432557962
1.432557962
1.432557962
1.432557962
1.432557962
1.432557962
1.432557962
1.432557962
2.514602017
2.514602017
2.514602017
2.514602017
2.514602017
2.514602017
2.514602017
2.514602017
2.85302017
2.85302017
2.85302017
2.85302017
2.85302017
2.85302017
2.85302017
2.85302017
3.129907749
2.360569889
2.360569889
2.360569889
2.360569889
2.360569889
2.360569889
2.360569889
3.013033548
3.013033548
3.013033548
3.013033548
3.013033548
3.013033548
3.013033548
3.013033548
2.358586717
2.358586717
2.358586717
2.358586717
2.358586717
2.358586717
2.358586717
2.358586717
1.844151844
1.844151844
1.844151844
1.844151844
1.844151844
1.844151844
1.844151844
1.844151844
1.528928513
1.528928513
1.528928513
1.528928513
1.528928513
1.528928513
1.528928513
1.528928513
1.674845443
1.674845443
1.674845443
1.674845443
1.674845443
1.674845443
1.674845443
1.674845443
1.769730462
1.769730462
1.769730462
1.769730462
1.769730462
1.769730462
1.769730462
1.769730462
1.418281344
1.418281344
1.418281344
1.418281344
1.418281344
1.418281344
1.577624203
1.577624203
2.145450871
2.145450871
2.145450871
2.145450871
2.145450871
2.145450871
2.145450871
2.145450871
2.042856692
2.042856692
2.042856692
2.042856692
2.042856692
2.042856692
2.042856692
2.042856692
2.08851197
2.08851197
2.08851197
2.08851197
2.08851197
2.08851197
2.08851197
2.08851197
1.691154817
1.691154817
1.691154817
1.691154817
1.691154817
1.357300718
1.357300718
1.357300718
0.888473278
0.888473278
0.888473278
0.888473278
0.888473278
0.888473278
0.888473278
0.888473278
0.694115395
0.694115395
0.694115395
0.694115395
0.694115395
0.694115395
0.694115395
0.694115395
0.583909599
0.583909599
0.583909599
0.583909599
0.583909599
0.583909599
0.583909599
0.583909599
0.536260569
0.536260569
0.536260569
0.536260569
0.385492154
0.385492154
0.385492154
0.385492154
0.420546
0.420546
0.420546
0.420546
0.420546
0.420546
0.420546
0.420546
0.407826462
0.407826462
0.407826462
0.407826462
0.407826462
0.407826462
0.407826462
0.407826462
0.331809692
0.331809692
0.331809692
0.331809692
0.331809692
0.331809692
0.331809692
0.331809692
0.310877538
0.310877538
0.419980606
0.419980606
0.419980606
0.419980606
0.419980606
0.419980606
0.240704091
0.240704091
0.240704091
0.240704091
0.240704091
0.240704091
0.240704091
0.240704091
0.136385455
0.136385455
0.136385455
0.136385455
0.136385455
0.136385455
0.136385455
0.136385455
0.080099394
0.080099394
0.080099394
0.080099394
0.080099394
0.080099394
0.080099394
0.080099394
0.063186515
0.132598583
0.132598583
0.132598583
0.132598583
0.132598583
0.132598583
0.132598583
0.070132441
0.070132441
0.070132441
0.070132441
0.070132441
0.070132441
0.070132441
0.070132441
0.076662992
0.076662992
0.076662992
0.076662992
0.076662992
0.076662992
0.076662992
0.076662992
0.092563465
0.092563465
0.092563465
0.092563465
0.092563465
0.092563465
0.092563465
0.061864686
0.036815182
0.036815182
0.036815182
0.036815182
0.036815182
0.036815182
0.036815182
0.036815182
0
0
0
0
0
0
0
0
0.000569307
0.000569307
0.000569307
0.000569307
0.000569307
0.000569307
0.000569307
0.000569307
0
0
0
0
0
0
0
0
0
0
0
0
0
0
0.031640496
0.031640496
0.031640496
0.031640496
0.031640496
0.031640496
0.031640496
0.031640496
0.019795592
0.019795592
0.019795592
0.019795592
0.019795592
0.019795592
0.019795592
0.019795592
0.030180165
0.030180165
0.030180165
0.030180165
0.030180165
0.030180165
0.030180165
0.023650862
0.063068966
0.063068966
0.063068966
0.063068966
0.063068966
0.063068966
0.063068966
0.063068966
0.040053879
0.040053879
0.040053879
0.040053879
0.040053879
0.040053879
0.040053879
0.040053879
0.079726293
0.079726293
0.079726293
0.079726293
0.079726293
0.079726293
0.079726293
0.079726293
0.063577586
0.063577586
0.063577586
0.113984674
0.113984674
0.113984674
0.113984674
0.113984674
0.212239464
0.212239464
0.212239464
0.212239464
0.212239464
0.212239464
0.212239464
0.212239464
0.25555364
0.25555364
0.25555364
0.25555364
0.25555364
0.25555364
0.25555364
0.25555364
0.276070881
0.276070881
0.276070881
0.276070881
0.276070881
0.276070881
0.276070881
0.276070881
0.677752874
0.677752874
0.781753822
0.781753822
0.781753822
0.781753822
0.781753822
0.781753822
1.079940446
1.079940446
1.079940446
1.079940446
1.079940446
1.079940446
1.079940446
1.079940446
1.493562633
1.493562633
1.493562633
1.493562633
1.493562633
1.493562633
1.493562633
1.493562633
2.670795011
2.670795011
2.670795011
2.670795011
2.670795011
2.670795011
2.670795011
2.670795011
2.228093985
2.228093985
2.228093985
2.228093985
2.228093985
2.228093985
2.228093985
2.228093985
2.465876334
2.465876334
2.465876334
2.465876334
2.465876334
2.465876334
2.465876334
2.465876334
2.426609524
2.426609524
2.426609524
2.426609524
2.426609524
2.426609524
2.426609524
2.426609524
2.233250233
2.233250233
2.233250233
2.233250233
2.233250233
2.233250233
2.233250233
1.757401652
1.80796538
1.80796538
1.80796538
1.80796538
1.80796538
1.80796538
1.80796538
1.80796538
1.735084945
1.735084945
1.735084945
1.735084945
1.735084945
1.735084945
1.735084945
1.735084945
1.867268517
1.867268517
1.867268517
1.867268517
1.867268517
1.867268517
1.867268517
1.867268517
1.201668832
1.201668832
1.201668832
1.201668832
1.201668832
1.336675436
1.336675436
1.336675436
0.925951529
0.925951529
0.925951529
0.925951529
0.925951529
0.925951529
0.925951529
0.925951529
0.737948997
0.737948997
0.737948997
0.737948997
0.737948997
0.737948997
0.737948997
0.737948997
0.705486879
0.705486879
0.705486879
0.705486879
0.705486879
0.705486879
0.705486879
0.705486879
0.618863367
0.618863367
0.618863367
0.618863367
0.496692369
0.496692369
0.496692369
0.496692369
0.457960117
0.457960117
0.457960117
0.457960117
0.457960117
0.457960117
0.457960117
0.457960117
0.511878756
0.511878756
0.511878756
0.511878756
0.511878756
0.511878756
0.511878756
0.511878756
0.496553044
0.496553044
0.496553044
0.496553044
0.496553044
0.496553044
0.496553044
0.496553044
0.543505451
0.543505451
0.543505451
0.390700154
0.390700154
0.390700154
0.390700154
0.390700154
0.722109231
0.722109231
0.722109231
0.722109231
0.722109231
0.722109231
0.722109231
0.722109231
0.686454462
0.686454462
0.686454462
0.686454462
0.686454462
0.686454462
0.686454462
0.686454462
0.838488
0.838488
0.838488
0.838488
0.838488
0.838488
0.838488
0.838488
0.683950615
0.923984394
0.923984394
0.923984394
0.923984394
0.923984394
0.923984394
0.923984394
0.633218182
0.633218182
0.633218182
0.633218182
0.633218182
0.633218182
0.633218182
0.633218182
0.565431364
0.565431364
0.565431364
0.565431364
0.565431364
0.565431364
0.565431364
0.565431364
0.419980606
0.419980606
0.419980606
0.419980606
0.419980606
0.419980606
0.419980606
0.419980606
0.600810709
0.600810709
0.600810709
0.600810709
0.600810709
0.600810709
0.600810709
0.600810709
0.336181417
0.336181417
0.336181417
0.336181417
0.336181417
0.336181417
0.336181417
0.336181417
0.289899685
0.289899685
0.289899685
0.289899685
0.289899685
0.289899685
0.289899685
0.289899685
0.121241102
0.121241102
0.121241102
0.121241102
0.121241102
0.121241102
0.081031353
0.081031353
0.125437294
0.125437294
0.125437294
0.125437294
0.125437294
0.125437294
0.125437294
0.125437294
0.076476898
0.076476898
0.076476898
0.076476898
0.076476898
0.076476898
0.076476898
0.076476898
0.07609736
0.07609736
0.07609736
0.07609736
0.07609736
0.07609736
0.07609736
0.07609736
0.048011551
0.048011551
0.048011551
0.048011551
0.048011551
0.034398898
0.034398898
0.034398898
0.034398898
0.034398898
0.034398898
0.034398898
0.034398898
0.098653444
0.098653444
0.098653444
0.098653444
0.098653444
0.098653444
0.098653444
0.098653444
0.062469697
0.062469697
0.062469697
0.062469697
0.062469697
0.062469697
0.062469697
0.062469697
0.086646281
0.086646281
0.086646281
0.086646281
0.086646281
0.086646281
0.086646281
0.067900862
0.041071121
0.041071121
0.041071121
0.041071121
0.041071121
0.041071121
0.041071121
0.041071121
0.094730603
0.094730603
0.094730603
0.094730603
0.094730603
0.094730603
0.094730603
0.094730603
0.132877155
0.132877155
0.132877155
0.132877155
0.132877155
0.132877155
0.132877155
0.132877155
0.036366379
0.036366379
0.036366379
0.065199234
0.065199234
0.065199234
0.065199234
0.065199234
0.290888889
0.290888889
0.290888889
0.290888889
0.290888889
0.290888889
0.290888889
0.290888889
0.260340996
0.260340996
0.260340996
0.260340996
0.260340996
0.260340996
0.260340996
0.260340996
0.424706897
0.424706897
0.424706897
0.424706897
0.424706897
0.424706897
0.424706897
0.424706897
0.470528736
0.470528736
0.54273121
0.54273121
0.54273121
0.54273121
0.54273121
0.54273121
0.786223992
0.786223992
0.786223992
0.786223992
0.786223992
0.786223992
0.786223992
0.786223992
1.326062739
1.326062739
1.326062739
1.326062739
1.326062739
1.326062739
1.326062739
1.326062739
2.835928344
2.835928344
2.835928344
2.835928344
2.835928344
2.835928344
2.835928344
2.835928344
3.092955388
3.092955388
3.092955388
3.092955388
3.092955388
3.092955388
3.092955388
3.092955388
2.638213999
2.638213999
2.638213999
2.638213999
2.638213999
2.638213999
2.638213999
2.638213999
2.876194665
2.876194665
2.876194665
2.876194665
2.876194665
2.876194665
2.876194665
2.876194665
3.044367669
3.044367669
3.044367669
3.044367669
3.044367669
3.044367669
3.044367669
2.395690681
2.436578634
2.436578634
2.436578634
2.436578634
2.436578634
2.436578634
2.436578634
2.436578634
2.482304474
2.482304474
2.482304474
2.482304474
2.482304474
2.482304474
2.482304474
2.482304474
2.237601002
2.237601002
2.237601002
2.237601002
2.237601002
2.237601002
2.237601002
2.237601002
1.616946854
1.616946854
1.616946854
1.616946854
1.616946854
1.798609635
1.798609635
1.798609635
1.815621868
1.815621868
1.815621868
1.815621868
1.815621868
1.815621868
1.815621868
1.815621868
1.602274581
1.602274581
1.602274581
1.602274581
1.602274581
1.602274581
1.602274581
1.602274581
1.534052055
1.534052055
1.534052055
1.534052055
1.534052055
1.534052055
1.534052055
1.534052055
1.267064157
1.267064157
1.267064157
1.267064157
1.016930604
1.016930604
1.016930604
1.016930604
0.86604201
0.86604201
0.86604201
0.86604201
0.86604201
0.86604201
0.86604201
0.86604201
1.004112736
1.004112736
1.004112736
1.004112736
1.004112736
1.004112736
1.004112736
1.004112736
0.943785164
0.943785164
0.943785164
0.943785164
0.943785164
0.943785164
0.943785164
0.943785164
0.978337676
0.978337676
0.978337676
0.703280308
0.703280308
0.703280308
0.703280308
0.703280308
0.628064769
0.628064769
0.628064769
0.628064769
0.628064769
0.628064769
0.628064769
0.628064769
0.590807538
0.590807538
0.590807538
0.590807538
0.590807538
0.590807538
0.590807538
0.590807538
0.521501077
0.521501077
0.521501077
0.521501077
0.521501077
0.521501077
0.521501077
0.521501077
0.366763385
0.495479697
0.495479697
0.495479697
0.495479697
0.495479697
0.495479697
0.495479697
0.286301212
0.286301212
0.286301212
0.286301212
0.286301212
0.286301212
0.286301212
0.286301212
0.203901667
0.203901667
0.203901667
0.203901667
0.203901667
0.203901667
0.203901667
0.203901667
0.136385455
0.136385455
0.136385455
0.136385455
0.136385455
0.136385455
0.136385455
0.136385455
0.174905197
0.174905197
0.174905197
0.174905197
0.174905197
0.174905197
0.174905197
0.174905197
0.21352063
0.21352063
0.21352063
0.21352063
0.21352063
0.21352063
0.21352063
0.21352063
0.195632598
0.195632598
0.195632598
0.195632598
0.195632598
0.195632598
0.195632598
0.195632598
0.127771654
0.127771654
0.127771654
0.127771654
0.127771654
0.127771654
0.08539604
0.08539604
0.020115512
0.020115512
0.020115512
0.020115512
0.020115512
0.020115512
0.020115512
0.020115512
0.073820132
0.073820132
0.073820132
0.073820132
0.073820132
0.073820132
0.073820132
0.073820132
0.035676568
0.035676568
0.035676568
0.035676568
0.035676568
0.035676568
0.035676568
0.035676568
0.063382838
0.063382838
0.063382838
0.063382838
0.063382838
0.079344628
0.079344628
0.079344628
0.079344628
0.079344628
0.079344628
0.079344628
0.079344628
0.033425344
0.033425344
0.033425344
0.033425344
0.033425344
0.033425344
0.033425344
0.033425344
0.032289532
0.032289532
0.032289532
0.032289532
0.032289532
0.032289532
0.032289532
0.032289532
0.092649862
0.092649862
0.092649862
0.092649862
0.092649862
0.092649862
0.092649862
0.072605603
0.052006466
0.052006466
0.052006466
0.052006466
0.052006466
0.052006466
0.052006466
0.052006466
0.075403017
0.075403017
0.075403017
0.075403017
0.075403017
0.075403017
0.075403017
0.075403017
0.039290948
0.039290948
0.039290948
0.039290948
0.039290948
0.039290948
0.039290948
0.039290948
0.022125
0.022125
0.022125
0.039666667
0.039666667
0.039666667
0.039666667
0.039666667
0.280858238
0.280858238
0.280858238
0.280858238
0.280858238
0.280858238
0.280858238
0.280858238
0.314141762
0.314141762
0.314141762
0.314141762
0.314141762
0.314141762
0.314141762
0.314141762
0.406697318
0.406697318
0.406697318
0.406697318
0.406697318
0.406697318
0.406697318
0.406697318
0.710808429
0.710808429
0.819881741
0.819881741
0.819881741
0.819881741
0.819881741
0.819881741
1.357616879
1.357616879
1.357616879
1.357616879
1.357616879
1.357616879
1.357616879
1.357616879
1.579547665
1.579547665
1.579547665
1.579547665
1.579547665
1.579547665
1.579547665
1.579547665
1.998691826
1.998691826
1.998691826
1.998691826
1.998691826
1.998691826
1.998691826
1.998691826
2.022439026
2.022439026
2.022439026
2.022439026
2.022439026
2.022439026
2.022439026
2.022439026
1.95005324
1.95005324
1.95005324
1.95005324
1.95005324
1.95005324
1.95005324
1.95005324
1.843160258
1.843160258
1.843160258
1.843160258
1.843160258
1.843160258
1.843160258
1.843160258
2.042270748
2.042270748
2.042270748
2.042270748
2.042270748
2.042270748
2.042270748
1.607115018
1.610392296
1.610392296
1.610392296
1.610392296
1.610392296
1.610392296
1.610392296
1.610392296
2.150519027
2.150519027
2.150519027
2.150519027
2.150519027
2.150519027
2.150519027
2.150519027
2.102608335
2.102608335
2.102608335
2.102608335
2.102608335
2.102608335
2.102608335
2.102608335
1.899729181
1.899729181
1.899729181
1.899729181
1.899729181
2.113162348
2.113162348
2.113162348
1.752086386
1.752086386
1.752086386
1.752086386
1.752086386
1.752086386
1.752086386
1.752086386
1.349868596
1.349868596
1.349868596
1.349868596
1.349868596
1.349868596
1.349868596
1.349868596
1.132007859
1.132007859
1.132007859
1.132007859
1.132007859
1.132007859
1.132007859
1.132007859
1.006499244
1.006499244
1.006499244
1.006499244
0.807804307
0.807804307
0.807804307
0.807804307
0.770883276
0.770883276
0.770883276
0.770883276
0.770883276
0.770883276
0.770883276
0.770883276
0.634484446
0.634484446
0.634484446
0.634484446
0.634484446
0.634484446
0.634484446
0.634484446
0.498085616
0.498085616
0.498085616
0.498085616
0.498085616
0.498085616
0.498085616
0.498085616
0.608988035
0.608988035
0.608988035
0.437772462
0.437772462
0.437772462
0.437772462
0.437772462
0.593511692
0.593511692
0.593511692
0.593511692
0.593511692
0.593511692
0.593511692
0.593511692
0.623357538
0.623357538
0.623357538
0.623357538
0.623357538
0.623357538
0.623357538
0.623357538
0.616246615
0.616246615
0.616246615
0.616246615
0.616246615
0.616246615
0.616246615
0.616246615
0.445784769
0.602233788
0.602233788
0.602233788
0.602233788
0.602233788
0.602233788
0.602233788
0.579638182
0.579638182
0.579638182
0.579638182
0.579638182
0.579638182
0.579638182
0.579638182
0.421333636
0.421333636
0.421333636
0.421333636
0.421333636
0.421333636
0.421333636
0.421333636
0.267494091
0.267494091
0.267494091
0.267494091
0.267494091
0.267494091
0.267494091
0.267494091
0.355773071
0.355773071
0.355773071
0.355773071
0.355773071
0.355773071
0.355773071
0.355773071
0.358896378
0.358896378
0.358896378
0.358896378
0.358896378
0.358896378
0.358896378
0.358896378
0.291887244
0.291887244
0.291887244
0.291887244
0.291887244
0.291887244
0.291887244
0.291887244
0.156165354
0.156165354
0.156165354
0.156165354
0.156165354
0.156165354
0.104372937
0.104372937
0.086534653
0.086534653
0.086534653
0.086534653
0.086534653
0.086534653
0.086534653
0.086534653
0.055981848
0.055981848
0.055981848
0.055981848
0.055981848
0.055981848
0.055981848
0.055981848
0.086724422
0.086724422
0.086724422
0.086724422
0.086724422
0.086724422
0.086724422
0.086724422
0.085965347
0.085965347
0.085965347
0.085965347
0.085965347
0.038130854
0.038130854
0.038130854
0.038130854
0.038130854
0.038130854
0.038130854
0.038130854
0.048677686
0.048677686
0.048677686
0.048677686
0.048677686
0.048677686
0.048677686
0.048677686
0.035047934
0.035047934
0.035047934
0.035047934
0.035047934
0.035047934
0.035047934
0.035047934
0.033587603
0.033587603
0.033587603
0.033587603
0.033587603
0.033587603
0.033587603
0.026321121
0.013859914
0.013859914
0.013859914
0.013859914
0.013859914
0.013859914
0.013859914
0.013859914
0.017165948
0.017165948
0.017165948
0.017165948
0.017165948
0.017165948
0.017165948
0.017165948
0.069172414
0.069172414
0.069172414
0.069172414
0.069172414
0.069172414
0.069172414
0.069172414
0.065230603
0.065230603
0.065230603
0.065230603
0.116948276
0.116948276
0.116948276
0.116948276
0.194913793
0.194913793
0.194913793
0.194913793
0.194913793
0.194913793
0.194913793
0.194913793
0.28359387
0.28359387
0.28359387
0.28359387
0.28359387
0.28359387
0.28359387
0.28359387
0.352668582
0.352668582
0.352668582
0.352668582
0.352668582
0.352668582
0.352668582
0.352668582
0.66156705
0.66156705
0.66156705
0.763084289
0.763084289
0.763084289
0.763084289
0.763084289
0.856694904
0.856694904
0.856694904
0.856694904
0.856694904
0.856694904
0.856694904
0.856694904
1.894037261
1.894037261
1.894037261
1.894037261
1.894037261
1.894037261
1.894037261
1.894037261
2.325540127
2.325540127
2.325540127
2.325540127
2.325540127
2.325540127
2.325540127
2.325540127
2.866430679
2.161856033
2.161856033
2.161856033
2.161856033
2.161856033
2.161856033
2.161856033
2.302066309
2.302066309
2.302066309
2.302066309
2.302066309
2.302066309
2.302066309
2.302066309
2.122390906
2.122390906
2.122390906
2.122390906
2.122390906
2.122390906
2.122390906
2.122390906
1.687481239
1.687481239
1.687481239
1.687481239
1.687481239
1.687481239
1.687481239
1.687481239
1.325893299
1.325893299
1.325893299
1.325893299
1.325893299
1.325893299
1.325893299
1.325893299
1.494439057
1.494439057
1.494439057
1.494439057
1.494439057
1.494439057
1.494439057
1.494439057
1.583861945
1.583861945
1.583861945
1.583861945
1.583861945
1.583861945
1.583861945
1.583861945
1.586202859
1.586202859
1.586202859
1.586202859
1.586202859
1.586202859
1.764411575
1.764411575
2.44993512
2.44993512
2.44993512
2.44993512
2.44993512
2.44993512
2.44993512
2.44993512
2.248913022
2.248913022
2.248913022
2.248913022
2.248913022
2.248913022
2.248913022
2.248913022
1.885927524
1.885927524
1.885927524
1.885927524
1.885927524
1.885927524
1.885927524
1.885927524
1.878289378
1.878289378
1.878289378
1.878289378
1.878289378
1.507492688
1.507492688
1.507492688
1.53034193
1.53034193
1.53034193
1.53034193
1.53034193
1.53034193
1.53034193
1.53034193
1.289588939
1.289588939
1.289588939
1.289588939
1.289588939
1.289588939
1.289588939
1.289588939
1.474472747
1.474472747
1.474472747
1.474472747
1.474472747
1.474472747
1.474472747
1.474472747
1.366635469
1.366635469
1.366635469
1.366635469
0.982409077
0.982409077
0.982409077
0.982409077
0.830676
0.830676
0.830676
0.830676
0.830676
0.830676
0.830676
0.830676
0.561262154
0.561262154
0.561262154
0.561262154
0.561262154
0.561262154
0.561262154
0.561262154
0.402117692
0.402117692
0.402117692
0.402117692
0.402117692
0.402117692
0.402117692
0.402117692
0.26691
0.26691
0.360582576
0.360582576
0.360582576
0.360582576
0.360582576
0.360582576
0.245304394
0.245304394
0.245304394
0.245304394
0.245304394
0.245304394
0.245304394
0.245304394
0.291172121
0.291172121
0.291172121
0.291172121
0.291172121
0.291172121
0.291172121
0.291172121
0.194565758
0.194565758
0.194565758
0.194565758
0.194565758
0.194565758
0.194565758
0.194565758
0.122855152
0.257814803
0.257814803
0.257814803
0.257814803
0.257814803
0.257814803
0.257814803
0.220619055
0.220619055
0.220619055
0.220619055
0.220619055
0.220619055
0.220619055
0.220619055
0.142536378
0.142536378
0.142536378
0.142536378
0.142536378
0.142536378
0.142536378
0.142536378
0.118685669
0.118685669
0.118685669
0.118685669
0.118685669
0.118685669
0.118685669
0.079323432
0.077615512
0.077615512
0.077615512
0.077615512
0.077615512
0.077615512
0.077615512
0.077615512
0.064521452
0.064521452
0.064521452
0.064521452
0.064521452
0.064521452
0.064521452
0.064521452
0.03339934
0.03339934
0.03339934
0.03339934
0.03339934
0.03339934
0.03339934
0.03339934
0.104752475
0.104752475
0.104752475
0.104752475
0.104752475
0.104752475
0.038455372
0.038455372
0.038455372
0.038455372
0.038455372
0.038455372
0.038455372
0.038455372
0.067986501
0.067986501
0.067986501
0.067986501
0.067986501
0.067986501
0.067986501
0.067986501
0.06198292
0.06198292
0.06198292
0.06198292
0.06198292
0.06198292
0.06198292
0.06198292
0.031478237
0.031478237
0.031478237
0.031478237
0.031478237
0.031478237
0.031478237
0.024668103
0.032678879
0.032678879
0.032678879
0.032678879
0.032678879
0.032678879
0.032678879
0.032678879
0.054803879
0.054803879
0.054803879
0.054803879
0.054803879
0.054803879
0.054803879
0.054803879
0.05556681
0.05556681
0.05556681
0.05556681
0.05556681
0.05556681
0.05556681
0.05556681
0.075148707
0.075148707
0.075148707
0.134729885
0.134729885
0.134729885
0.134729885
0.134729885
0.252362069
0.252362069
0.252362069
0.252362069
0.252362069
0.252362069
0.252362069
0.252362069
0.257377395
0.257377395
0.257377395
0.257377395
0.257377395
0.257377395
0.257377395
0.257377395
0.378657088
0.378657088
0.378657088
0.378657088
0.378657088
0.378657088
0.378657088
0.378657088
0.638998084
0.638998084
0.737052123
0.737052123
0.737052123
0.737052123
0.737052123
0.737052123
1.096243418
1.096243418
1.096243418
1.096243418
1.096243418
1.096243418
1.096243418
1.096243418
1.541945648
1.541945648
1.541945648
1.541945648
1.541945648
1.541945648
1.541945648
1.541945648
1.667636306
1.667636306
1.667636306
1.667636306
1.667636306
1.667636306
1.667636306
1.667636306
1.069128142
1.069128142
1.069128142
1.069128142
1.069128142
1.069128142
1.069128142
1.069128142
1.774939134
1.774939134
1.774939134
1.774939134
1.774939134
1.774939134
1.774939134
1.774939134
1.831261224
1.831261224
1.831261224
1.831261224
1.831261224
1.831261224
1.831261224
1.831261224
1.790606194
1.790606194
1.790606194
1.790606194
1.790606194
1.790606194
1.790606194
1.409073752
1.66204845
1.66204845
1.66204845
1.66204845
1.66204845
1.66204845
1.66204845
1.66204845
1.861806386
1.861806386
1.861806386
1.861806386
1.861806386
1.861806386
1.861806386
1.861806386
1.62506202
1.62506202
1.62506202
1.62506202
1.62506202
1.62506202
1.62506202
1.62506202
1.373335808
1.373335808
1.373335808
1.373335808
1.373335808
1.527629069
1.527629069
1.527629069
1.544294114
1.544294114
1.544294114
1.544294114
1.544294114
1.544294114
1.544294114
1.544294114
1.132528642
1.132528642
1.132528642
1.132528642
1.132528642
1.132528642
1.132528642
1.132528642
1.034621506
1.034621506
1.034621506
1.034621506
1.034621506
1.034621506
1.034621506
1.034621506
1.196584906
1.196584906
1.196584906
1.196584906
0.960364797
0.960364797
0.960364797
0.960364797
0.983632013
0.983632013
0.983632013
0.983632013
0.983632013
0.983632013
0.983632013
0.983632013
0.908118054
0.908118054
0.908118054
0.908118054
0.908118054
0.908118054
0.908118054
0.908118054
1.118358947
1.118358947
1.118358947
1.118358947
1.118358947
1.118358947
1.118358947
1.118358947
1.038665249
1.038665249
1.038665249
0.746646923
0.746646923
0.746646923
0.746646923
0.746646923
0.580491692
0.580491692
0.580491692
0.580491692
0.580491692
0.580491692
0.580491692
0.580491692
0.538727538
0.538727538
0.538727538
0.538727538
0.538727538
0.538727538
0.538727538
0.538727538
0.547541077
0.547541077
0.547541077
0.547541077
0.547541077
0.547541077
0.547541077
0.547541077
0.401116154
0.541888636
0.541888636
0.541888636
0.541888636
0.541888636
0.541888636
0.541888636
0.484655455
0.484655455
0.484655455
0.484655455
0.484655455
0.484655455
0.484655455
0.484655455
0.367753636
0.367753636
0.367753636
0.367753636
0.367753636
0.367753636
0.367753636
0.367753636
0.204578182
0.204578182
0.204578182
0.204578182
0.204578182
0.204578182
0.204578182
0.204578182
0.404610236
0.404610236
0.404610236
0.404610236
0.404610236
0.404610236
0.404610236
0.404610236
0.267184724
0.267184724
0.267184724
0.267184724
0.267184724
0.267184724
0.267184724
0.267184724
0.175189134
0.175189134
0.175189134
0.175189134
0.175189134
0.175189134
0.175189134
0.175189134
0.142820315
0.142820315
0.142820315
0.142820315
0.142820315
0.142820315
0.095453795
0.095453795
0.013473597
0.013473597
0.013473597
0.013473597
0.013473597
0.013473597
0.013473597
0.013473597
0.058069307
0.058069307
0.058069307
0.058069307
0.058069307
0.058069307
0.058069307
0.058069307
0.074389439
0.074389439
0.074389439
0.074389439
0.074389439
0.074389439
0.074389439
0.074389439
0.091468647
0.091468647
0.091468647
0.091468647
0.091468647
0.079344628
0.079344628
0.079344628
0.079344628
0.079344628
0.079344628
0.079344628
0.079344628
0.079831405
0.079831405
0.079831405
0.079831405
0.079831405
0.079831405
0.079831405
0.079831405
0.072205234
0.072205234
0.072205234
0.072205234
0.072205234
0.072205234
0.072205234
0.072205234
0.080804959
0.080804959
0.080804959
0.080804959
0.080804959
0.080804959
0.080804959
0.063323276
0.061288793
0.061288793
0.061288793
0.061288793
0.061288793
0.061288793
0.061288793
0.061288793
0.053532328
0.053532328
0.053532328
0.053532328
0.053532328
0.053532328
0.053532328
0.053532328
0.032297414
0.032297414
0.032297414
0.032297414
0.032297414
0.032297414
0.032297414
0.032297414
0.105793103
0.105793103
0.105793103
0.189670498
0.189670498
0.189670498
0.189670498
0.189670498
0.248714559
0.248714559
0.248714559
0.248714559
0.248714559
0.248714559
0.248714559
0.248714559
0.124243295
0.124243295
0.124243295
0.124243295
0.124243295
0.124243295
0.124243295
0.124243295
0.134501916
0.134501916
0.134501916
0.134501916
0.134501916
0.134501916
0.134501916
0.134501916
0.254413793
0.254413793
0.293453503
0.293453503
0.293453503
0.293453503
0.293453503
0.293453503
0.753355096
0.753355096
0.753355096
0.753355096
0.753355096
0.753355096
0.753355096
0.753355096
1.423354671
1.423354671
1.423354671
1.423354671
1.423354671
1.423354671
1.423354671
1.423354671
1.420199257
1.420199257
1.420199257
1.420199257
1.420199257
1.420199257
1.420199257
1.420199257
1.35549821
1.35549821
1.35549821
1.35549821
1.35549821
1.35549821
1.35549821
1.35549821
1.920503974
1.920503974
1.920503974
1.920503974
1.920503974
1.920503974
1.920503974
1.920503974
2.230473792
2.230473792
2.230473792
2.230473792
2.230473792
2.230473792
2.230473792
2.230473792
1.958184246
1.958184246
1.958184246
1.958184246
1.958184246
1.958184246
1.958184246
1.540945201
1.257070447
1.257070447
1.257070447
1.257070447
1.257070447
1.257070447
1.257070447
1.257070447
1.072762539
1.072762539
1.072762539
1.072762539
1.072762539
1.072762539
1.072762539
1.072762539
1.236002228
1.236002228
1.236002228
1.236002228
1.236002228
1.236002228
1.236002228
1.236002228
1.212905216
1.212905216
1.212905216
1.212905216
1.212905216
1.349174219
1.349174219
1.349174219
1.1097878
1.1097878
1.1097878
1.1097878
1.1097878
1.1097878
1.1097878
1.1097878
0.82214219
0.82214219
0.82214219
0.82214219
0.82214219
0.82214219
0.82214219
0.82214219
1.03601026
1.03601026
1.03601026
1.03601026
1.03601026
1.03601026
1.03601026
1.03601026
1.091734002
1.091734002
1.091734002
1.091734002
0.876212709
0.876212709
0.876212709
0.876212709
0.729364531
0.729364531
0.729364531
0.729364531
0.729364531
0.729364531
0.729364531
0.729364531
0.516894443
0.516894443
0.516894443
0.516894443
0.516894443
0.516894443
0.516894443
0.516894443
0.435250199
0.435250199
0.435250199
0.435250199
0.435250199
0.435250199
0.435250199
0.435250199
0.648974209
0.648974209
0.648974209
0.466516615
0.466516615
0.466516615
0.466516615
0.466516615
0.747348
0.747348
0.747348
0.747348
0.747348
0.747348
0.747348
0.747348
0.692664
0.692664
0.692664
0.692664
0.692664
0.692664
0.692664
0.692664
0.674636308
0.674636308
0.674636308
0.674636308
0.674636308
0.674636308
0.674636308
0.674636308
0.524706
0.708852576
0.708852576
0.708852576
0.708852576
0.708852576
0.708852576
0.708852576
0.382231061
0.382231061
0.382231061
0.382231061
0.382231061
0.382231061
0.382231061
0.382231061
0.284677576
0.284677576
0.284677576
0.284677576
0.284677576
0.284677576
0.284677576
0.284677576
0.222032273
0.222032273
0.222032273
0.222032273
0.222032273
0.222032273
0.222032273
0.222032273
0.226581732
0.226581732
0.226581732
0.226581732
0.226581732
0.226581732
0.226581732
0.226581732
0.196768346
0.196768346
0.196768346
0.196768346
0.196768346
0.196768346
0.196768346
0.196768346
0.174905197
0.174905197
0.174905197
0.174905197
0.174905197
0.174905197
0.174905197
0.174905197
0.168658583
0.168658583
0.168658583
0.168658583
0.168658583
0.168658583
0.112722772
0.112722772
0.019546205
0.019546205
0.019546205
0.019546205
0.019546205
0.019546205
0.019546205
0.019546205
0.07799505
0.07799505
0.07799505
0.07799505
0.07799505
0.07799505
0.07799505
0.07799505
0.032450495
0.032450495
0.032450495
0.032450495
0.032450495
0.032450495
0.032450495
0.032450495
0.056930693
0.056930693
0.056930693
0.056930693
0.056930693
0.031640496
0.031640496
0.031640496
0.031640496
0.031640496
0.031640496
0.031640496
0.031640496
0.011682645
0.011682645
0.011682645
0.011682645
0.011682645
0.011682645
0.011682645
0.011682645
0
0
0
0
0
0
0
0
0.012818457
0.012818457
0.012818457
0.012818457
0.012818457
0.012818457
0.012818457
0.010045259
0.020853448
0.020853448
0.020853448
0.020853448
0.020853448
0.020853448
0.020853448
0.020853448
0.0110625
0.0110625
0.0110625
0.0110625
0.0110625
0.0110625
0.0110625
0.0110625
0.091043103
0.091043103
0.091043103
0.091043103
0.091043103
0.091043103
0.091043103
0.091043103
0.075403017
0.075403017
0.075403017
0.135185824
0.135185824
0.135185824
0.135185824
0.135185824
0.157070881
0.157070881
0.157070881
0.157070881
0.157070881
0.157070881
0.157070881
0.157070881
0.352440613
0.352440613
0.352440613
0.352440613
0.352440613
0.352440613
0.352440613
0.352440613
0.765977011
0.765977011
0.765977011
0.765977011
0.765977011
0.765977011
0.765977011
0.765977011
1.129360153
1.129360153
1.302660085
1.302660085
1.302660085
1.302660085
1.302660085
1.302660085
0.866687049
0.866687049
0.866687049
0.866687049
0.866687049
0.866687049
0.866687049
0.866687049
1.579810616
1.579810616
1.579810616
1.579810616
1.579810616
1.579810616
1.579810616
1.579810616
2.298456157
2.298456157
2.298456157
2.298456157
2.298456157
2.298456157
2.298456157
2.298456157
2.043262334
2.043262334
2.043262334
2.043262334
2.043262334
2.043262334
2.043262334
2.043262334
2.63028131
2.63028131
2.63028131
2.63028131
2.63028131
2.63028131
2.63028131
2.63028131
2.538063802
2.538063802
2.538063802
2.538063802
2.538063802
2.538063802
2.538063802
2.538063802
2.199932939
2.199932939
2.199932939
2.199932939
2.199932939
2.199932939
2.199932939
1.731183423
2.392881585
2.392881585
2.392881585
2.392881585
2.392881585
2.392881585
2.392881585
2.392881585
1.635830221
1.635830221
1.635830221
1.635830221
1.635830221
1.635830221
1.635830221
1.635830221
1.635049916
1.635049916
1.635049916
1.635049916
1.635049916
1.635049916
1.635049916
1.635049916
1.306229627
1.306229627
1.306229627
1.306229627
1.306229627
1.452983558
1.452983558
1.452983558
2.074971621
2.074971621
2.074971621
2.074971621
2.074971621
2.074971621
2.074971621
2.074971621
2.352548767
2.352548767
2.352548767
2.352548767
2.352548767
2.352548767
2.352548767
2.352548767
2.377199145
2.377199145
2.377199145
2.377199145
2.377199145
2.377199145
2.377199145
2.377199145
1.808504505
1.808504505
1.808504505
1.808504505
1.45148418
1.45148418
1.45148418
1.45148418
1.448419037
1.448419037
1.448419037
1.448419037
1.448419037
1.448419037
1.448419037
1.448419037
1.109302845
1.109302845
1.109302845
1.109302845
1.109302845
1.109302845
1.109302845
1.109302845
1.345597447
1.345597447
1.345597447
1.345597447
1.345597447
1.345597447
1.345597447
1.345597447
1.167540548
1.167540548
1.167540548
0.839289231
0.839289231
0.839289231
0.839289231
0.839289231
0.755059846
0.755059846
0.755059846
0.755059846
0.755059846
0.755059846
0.755059846
0.755059846
0.684451385
0.684451385
0.684451385
0.684451385
0.684451385
0.684451385
0.684451385
0.684451385
0.539228308
0.539228308
0.539228308
0.539228308
0.539228308
0.539228308
0.539228308
0.539228308
0.401817231
0.542835758
0.542835758
0.542835758
0.542835758
0.542835758
0.542835758
0.542835758
0.378442576
0.378442576
0.378442576
0.378442576
0.378442576
0.378442576
0.378442576
0.378442576
0.328245152
0.328245152
0.328245152
0.328245152
0.328245152
0.328245152
0.328245152
0.328245152
0.280347879
0.280347879
0.280347879
0.280347879
0.280347879
0.280347879
0.280347879
0.280347879
0.473606929
0.473606929
0.473606929
0.473606929
0.473606929
0.473606929
0.473606929
0.473606929
0.368550236
0.368550236
0.368550236
0.368550236
0.368550236
0.368550236
0.368550236
0.368550236
0.192509291
0.192509291
0.192509291
0.192509291
0.192509291
0.192509291
0.192509291
0.192509291
0.105056693
0.105056693
0.105056693
0.105056693
0.105056693
0.105056693
0.070214521
0.070214521
0.044975248
0.044975248
0.044975248
0.044975248
0.044975248
0.044975248
0.044975248
0.044975248
0.014042904
0.014042904
0.014042904
0.014042904
0.014042904
0.014042904
0.014042904
0.014042904
0.047821782
0.047821782
0.047821782
0.047821782
0.047821782
0.047821782
0.047821782
0.047821782
0.020874587
0.020874587
0.020874587
0.020874587
0.020874587
0.050624793
0.050624793
0.050624793
0.050624793
0.050624793
0.050624793
0.050624793
0.050624793
0.056628375
0.056628375
0.056628375
0.056628375
0.056628375
0.056628375
0.056628375
0.056628375
0.014603306
0.014603306
0.014603306
0.014603306
0.014603306
0.014603306
0.014603306
0.014603306
0.065228099
0.065228099
0.065228099
0.065228099
0.065228099
0.065228099
0.065228099
0.051116379
0.053150862
0.053150862
0.053150862
0.053150862
0.053150862
0.053150862
0.053150862
0.053150862
0.039799569
0.039799569
0.039799569
0.039799569
0.039799569
0.039799569
0.039799569
0.039799569
0.058109914
0.058109914
0.058109914
0.058109914
0.058109914
0.058109914
0.058109914
0.058109914
0.110625
0.110625
0.110625
0.110625
0.198333333
0.198333333
0.198333333
0.198333333
0.169381226
0.169381226
0.169381226
0.169381226
0.169381226
0.169381226
0.169381226
0.169381226
0.261024904
0.261024904
0.261024904
0.261024904
0.261024904
0.261024904
0.261024904
0.261024904
0.473948276
0.473948276
0.473948276
0.473948276
0.473948276
0.473948276
0.473948276
0.473948276
0.494009579
0.494009579
0.494009579
0.56981518
0.56981518
0.56981518
0.56981518
0.56981518
0.798319745
0.798319745
0.798319745
0.798319745
0.798319745
0.798319745
0.798319745
0.798319745
1.290564331
1.290564331
1.290564331
1.290564331
1.290564331
1.290564331
1.290564331
1.290564331
1.932428132
1.932428132
1.932428132
1.932428132
1.932428132
1.932428132
1.932428132
1.932428132
2.333428662
1.759867025
1.759867025
1.759867025
1.759867025
1.759867025
1.759867025
1.759867025
2.167012281
2.167012281
2.167012281
2.167012281
2.167012281
2.167012281
2.167012281
2.167012281
2.375443681
2.375443681
2.375443681
2.375443681
2.375443681
2.375443681
2.375443681
2.375443681
2.370684067
2.370684067
2.370684067
2.370684067
2.370684067
2.370684067
2.370684067
2.370684067
2.100267422
2.100267422
2.100267422
2.100267422
2.100267422
2.100267422
2.100267422
2.100267422
1.977135381
1.977135381
1.977135381
1.977135381
1.977135381
1.977135381
1.977135381
1.977135381
2.114312901
2.114312901
2.114312901
2.114312901
2.114312901
2.114312901
2.114312901
2.114312901
2.047050659
2.047050659
2.047050659
2.047050659
2.047050659
2.047050659
2.277035284
2.277035284
2.02671243
2.02671243
2.02671243
2.02671243
2.02671243
2.02671243
2.02671243
2.02671243
1.948768629
1.948768629
1.948768629
1.948768629
1.948768629
1.948768629
1.948768629
1.948768629
1.864054653
1.864054653
1.864054653
1.864054653
1.864054653
1.864054653
1.864054653
1.864054653
1.437186485
1.437186485
1.437186485
1.437186485
1.437186485
1.153468758
1.153468758
1.153468758
0.90379899
0.90379899
0.90379899
0.90379899
0.90379899
0.90379899
0.90379899
0.90379899
0.834972614
0.834972614
0.834972614
0.834972614
0.834972614
0.834972614
0.834972614
0.834972614
0.922329168
0.922329168
0.922329168
0.922329168
0.922329168
0.922329168
0.922329168
0.922329168
0.85224887
0.85224887
0.85224887
0.85224887
0.612641077
0.612641077
0.612641077
0.612641077
0.543234462
0.543234462
0.543234462
0.543234462
0.543234462
0.543234462
0.543234462
0.543234462
0.599020154
0.599020154
0.599020154
0.599020154
0.599020154
0.599020154
0.599020154
0.599020154
0.518396308
0.518396308
0.518396308
0.518396308
0.518396308
0.518396308
0.518396308
0.518396308
0.382788
0.382788
0.517128182
0.517128182
0.517128182
0.517128182
0.517128182
0.517128182
0.381419242
0.381419242
0.381419242
0.381419242
0.381419242
0.381419242
0.381419242
0.381419242
0.266817576
0.266817576
0.266817576
0.266817576
0.266817576
0.266817576
0.266817576
0.266817576
0.20674303
0.20674303
0.20674303
0.20674303
0.20674303
0.20674303
0.20674303
0.20674303
0.148833333
0.312330709
0.312330709
0.312330709
0.312330709
0.312330709
0.312330709
0.312330709
0.143672126
0.143672126
0.143672126
0.143672126
0.143672126
0.143672126
0.143672126
0.143672126
0.132030709
0.132030709
0.132030709
0.132030709
0.132030709
0.132030709
0.132030709
0.132030709
0.10818
0.10818
0.10818
0.10818
0.10818
0.10818
0.10818
0.07230198
0.060536304
0.060536304
0.060536304
0.060536304
0.060536304
0.060536304
0.060536304
0.060536304
0.040610561
0.040610561
0.040610561
0.040610561
0.040610561
0.040610561
0.040610561
0.040610561
0.0519967
0.0519967
0.0519967
0.0519967
0.0519967
0.0519967
0.0519967
0.0519967
0.088811881
0.088811881
0.088811881
0.088811881
0.088811881
0.088811881
0.05273416
0.05273416
0.05273416
0.05273416
0.05273416
0.05273416
0.05273416
0.05273416
0.046243802
0.046243802
0.046243802
0.046243802
0.046243802
0.046243802
0.046243802
0.046243802
0.055005785
0.055005785
0.055005785
0.055005785
0.055005785
0.055005785
0.055005785
0.055005785
0.002758402
0.002758402
0.002758402
0.002758402
0.002758402
0.002758402
0.002758402
0.002161638
0.061415948
0.061415948
0.061415948
0.061415948
0.061415948
0.061415948
0.061415948
0.061415948
0.078327586
0.078327586
0.078327586
0.078327586
0.078327586
0.078327586
0.078327586
0.078327586
0.094857759
0.094857759
0.094857759
0.094857759
0.094857759
0.094857759
0.094857759
0.094857759
0.101724138
0.101724138
0.101724138
0.182375479
0.182375479
0.182375479
0.182375479
0.182375479
0.150915709
0.150915709
0.150915709
0.150915709
0.150915709
0.150915709
0.150915709
0.150915709
0.198789272
0.198789272
0.198789272
0.198789272
0.198789272
0.198789272
0.198789272
0.198789272
0.260568966
0.260568966
0.260568966
0.260568966
0.260568966
0.260568966
0.260568966
0.260568966
0.412624521
0.412624521
0.475941614
0.475941614
0.475941614
0.475941614
0.475941614
0.475941614
0.612150318
0.612150318
0.612150318
0.612150318
0.612150318
0.612150318
0.612150318
0.612150318
0.906129724
0.906129724
0.906129724
0.906129724
0.906129724
0.906129724
0.906129724
0.906129724
1.504343631
1.504343631
1.504343631
1.504343631
1.504343631
1.504343631
1.504343631
1.504343631
1.25911604
1.25911604
1.25911604
1.25911604
1.25911604
1.25911604
1.25911604
1.25911604
1.476471715
1.476471715
1.476471715
1.476471715
1.476471715
1.476471715
1.476471715
1.476471715
2.377228536
2.377228536
2.377228536
2.377228536
2.377228536
2.377228536
2.377228536
2.377228536
2.629488042
2.629488042
2.629488042
2.629488042
2.629488042
2.629488042
2.629488042
2.069211305
1.977915686
1.977915686
1.977915686
1.977915686
1.977915686
1.977915686
1.977915686
1.977915686
1.685769705
1.685769705
1.685769705
1.685769705
1.685769705
1.685769705
1.685769705
1.685769705
1.599936217
1.599936217
1.599936217
1.599936217
1.599936217
1.599936217
1.599936217
1.599936217
1.435448042
1.435448042
1.435448042
1.435448042
1.435448042
1.596719566
1.596719566
1.596719566
1.42052144
1.42052144
1.42052144
1.42052144
1.42052144
1.42052144
1.42052144
1.42052144
1.257863663
1.257863663
1.257863663
1.257863663
1.257863663
1.257863663
1.257863663
1.257863663
1.109440612
1.109440612
1.109440612
1.109440612
1.109440612
1.109440612
1.109440612
1.109440612
1.342924827
1.342924827
1.342924827
1.342924827
1.077815475
1.077815475
1.077815475
1.077815475
1.232187184
1.232187184
1.232187184
1.232187184
1.232187184
1.232187184
1.232187184
1.232187184
1.170466365
1.170466365
1.170466365
1.170466365
1.170466365
1.170466365
1.170466365
1.170466365
1.045631481
1.045631481
1.045631481
1.045631481
1.045631481
1.045631481
1.045631481
1.045631481
1.044795533
1.044795533
1.044795533
0.751053692
0.751053692
0.751053692
0.751053692
0.751053692
0.528411692
0.528411692
0.528411692
0.528411692
0.528411692
0.528411692
0.528411692
0.528411692
0.389798769
0.389798769
0.389798769
0.389798769
0.389798769
0.389798769
0.389798769
0.389798769
0.527209846
0.527209846
0.527209846
0.527209846
0.527209846
0.527209846
0.527209846
0.527209846
0.346031538
0.46747197
0.46747197
0.46747197
0.46747197
0.46747197
0.46747197
0.46747197
0.293066364
0.293066364
0.293066364
0.293066364
0.293066364
0.293066364
0.293066364
0.293066364
0.292660455
0.292660455
0.292660455
0.292660455
0.292660455
0.292660455
0.292660455
0.292660455
0.214996515
0.214996515
0.214996515
0.214996515
0.214996515
0.214996515
0.214996515
0.214996515
0.497741575
0.497741575
0.497741575
0.497741575
0.497741575
0.497741575
0.497741575
0.497741575
0.358044567
0.358044567
0.358044567
0.358044567
0.358044567
0.358044567
0.358044567
0.358044567
0.258382677
0.258382677
0.258382677
0.258382677
0.258382677
0.258382677
0.258382677
0.258382677
0.176608819
0.176608819
0.176608819
0.176608819
0.176608819
0.176608819
0.118036304
0.118036304
0.035486799
0.035486799
0.035486799
0.035486799
0.035486799
0.035486799
0.035486799
0.035486799
0.093556106
0.093556106
0.093556106
0.093556106
0.093556106
0.093556106
0.093556106
0.093556106
0.061864686
0.061864686
0.061864686
0.061864686
0.061864686
0.061864686
0.061864686
0.061864686
0
0
0
0
0
0
0
0
0
0
0
0
0
0.035859229
0.035859229
0.035859229
0.035859229
0.035859229
0.035859229
0.035859229
0.035859229
0.086970799
0.086970799
0.086970799
0.086970799
0.086970799
0.086970799
0.086970799
0.086970799
0.021255923
0.021255923
0.021255923
0.021255923
0.021255923
0.021255923
0.021255923
0.016657328
0.006739224
0.006739224
0.006739224
0.006739224
0.006739224
0.006739224
0.006739224
0.006739224
0.014114224
0.014114224
0.014114224
0.014114224
0.014114224
0.014114224
0.014114224
0.014114224
0.043359914
0.043359914
0.043359914
0.043359914
0.043359914
0.043359914
0.043359914
0.043359914
0.072096983
0.072096983
0.072096983
0.129258621
0.129258621
0.129258621
0.129258621
0.129258621
0.177132184
0.177132184
0.177132184
0.177132184
0.177132184
0.177132184
0.177132184
0.177132184
0.214975096
0.214975096
0.214975096
0.214975096
0.214975096
0.214975096
0.214975096
0.214975096
0.454114943
0.454114943
0.454114943
0.454114943
0.454114943
0.454114943
0.454114943
0.454114943
0.833911877
0.833911877
0.961875372
0.961875372
0.961875372
0.961875372
0.961875372
0.961875372
1.419410403
1.419410403
1.419410403
1.419410403
1.419410403
1.419410403
1.419410403
1.419410403
1.511180361
1.511180361
1.511180361
1.511180361
1.511180361
1.511180361
1.511180361
1.511180361
2.879578238
2.879578238
2.879578238
2.879578238
2.879578238
2.879578238
2.879578238
2.879578238
2.292348765
2.292348765
2.292348765
2.292348765
2.292348765
2.292348765
2.292348765
2.292348765
1.873106158
1.873106158
1.873106158
1.873106158
1.873106158
1.873106158
1.873106158
1.873106158
2.911098496
2.911098496
2.911098496
2.911098496
2.911098496
2.911098496
2.911098496
2.911098496
2.756411063
2.756411063
2.756411063
2.756411063
2.756411063
2.756411063
2.756411063
2.169090273
1.823727529
1.823727529
1.823727529
1.823727529
1.823727529
1.823727529
1.823727529
1.823727529
1.684365157
1.684365157
1.684365157
1.684365157
1.684365157
1.684365157
1.684365157
1.684365157
1.604461983
1.604461983
1.604461983
1.604461983
1.604461983
1.604461983
1.604461983
1.604461983
1.453082922
1.453082922
1.453082922
1.453082922
1.453082922
1.616335712
1.616335712
1.616335712
1.583352812
1.583352812
1.583352812
1.583352812
1.583352812
1.583352812
1.583352812
1.583352812
2.148054785
2.148054785
2.148054785
2.148054785
2.148054785
2.148054785
2.148054785
2.148054785
2.094761361
2.094761361
2.094761361
2.094761361
2.094761361
2.094761361
2.094761361
2.094761361
1.824301578
1.824301578
1.824301578
1.824301578
1.464162723
1.464162723
1.464162723
1.464162723
1.300734911
1.300734911
1.300734911
1.300734911
1.300734911
1.300734911
1.300734911
1.300734911
0.996031906
0.996031906
0.996031906
0.996031906
0.996031906
0.996031906
0.996031906
0.996031906
0.763777719
0.763777719
0.763777719
0.763777719
0.763777719
0.763777719
0.763777719
0.763777719
0.71975113
0.71975113
0.71975113
0.517394769
0.517394769
0.517394769
0.517394769
0.517394769
0.518897077
0.518897077
0.518897077
0.518897077
0.518897077
0.518897077
0.518897077
0.518897077
0.64449
0.64449
0.64449
0.64449
0.64449
0.64449
0.64449
0.64449
0.633172615
0.633172615
0.633172615
0.633172615
0.633172615
0.633172615
0.633172615
0.633172615
0.600021692
0.810600455
0.810600455
0.810600455
0.810600455
0.810600455
0.810600455
0.810600455
0.690451364
0.690451364
0.690451364
0.690451364
0.690451364
0.690451364
0.690451364
0.690451364
0.460436212
0.460436212
0.460436212
0.460436212
0.460436212
0.460436212
0.460436212
0.460436212
0.40049697
0.40049697
0.40049697
0.40049697
0.40049697
0.40049697
0.40049697
0.40049697
0.569293701
0.569293701
0.569293701
0.569293701
0.569293701
0.569293701
0.569293701
0.569293701
0.375080787
0.375080787
0.375080787
0.375080787
0.375080787
0.375080787
0.375080787
0.375080787
0.332206299
0.332206299
0.332206299
0.332206299
0.332206299
0.332206299
0.332206299
0.332206299
0.176608819
0.176608819
0.176608819
0.176608819
0.176608819
0.176608819
0.118036304
0.118036304
0.096971947
0.096971947
0.096971947
0.096971947
0.096971947
0.096971947
0.096971947
0.096971947
0.07609736
0.07609736
0.07609736
0.07609736
0.07609736
0.07609736
0.07609736
0.07609736
0.065090759
0.065090759
0.065090759
0.065090759
0.065090759
0.065090759
0.065090759
0.065090759
0.070024752
0.070024752
0.070024752
0.070024752
0.070024752
0.061496143
0.061496143
0.061496143
0.061496143
0.061496143
0.061496143
0.061496143
0.061496143
0.002596143
0.002596143
0.002596143
0.002596143
0.002596143
0.002596143
0.002596143
0.002596143
0.05111157
0.05111157
0.05111157
0.05111157
0.05111157
0.05111157
0.05111157
0.05111157
0.092649862
0.092649862
0.092649862
0.092649862
0.092649862
0.092649862
0.092649862
0.072605603
0
0
0
0
0
0
0
0
0.090025862
0.090025862
0.090025862
0.090025862
0.090025862
0.090025862
0.090025862
0.090025862
0.135293103
0.135293103
0.135293103
0.135293103
0.135293103
0.135293103
0.135293103
0.135293103
0.143431034
0.143431034
0.143431034
0.257149425
0.257149425
0.257149425
0.257149425
0.257149425
0.294764368
0.294764368
0.294764368
0.294764368
0.294764368
0.294764368
0.294764368
0.294764368
0.444312261
0.444312261
0.444312261
0.444312261
0.444312261
0.444312261
0.444312261
0.444312261
0.462777778
0.462777778
0.462777778
0.462777778
0.462777778
0.462777778
0.462777778
0.462777778
0.67889272
0.67889272
0.783068577
0.783068577
0.783068577
0.783068577
0.783068577
0.783068577
1.068896497
1.068896497
1.068896497
1.068896497
1.068896497
1.068896497
1.068896497
1.068896497
1.18906518
1.18906518
1.18906518
1.18906518
1.18906518
1.18906518
1.18906518
1.18906518
1.152514968
1.152514968
1.152514968
1.152514968
1.152514968
1.152514968
1.152514968
1.152514968
1.146471858
1.146471858
1.146471858
1.146471858
1.146471858
1.146471858
1.146471858
1.146471858
1.71881536
1.71881536
1.71881536
1.71881536
1.71881536
1.71881536
1.71881536
1.71881536
2.203899284
2.203899284
2.203899284
2.203899284
2.203899284
2.203899284
2.203899284
2.203899284
2.353232152
2.353232152
2.353232152
2.353232152
2.353232152
2.353232152
2.353232152
1.851818489
1.492722387
1.492722387
1.492722387
1.492722387
1.492722387
1.492722387
1.492722387
1.492722387
1.277358363
1.277358363
1.277358363
1.277358363
1.277358363
1.277358363
1.277358363
1.277358363
0.982403286
0.982403286
0.982403286
0.982403286
0.982403286
0.982403286
0.982403286
0.982403286
0.770940783
0.770940783
0.770940783
0.770940783
0.770940783
0.857555409
0.857555409
0.857555409
0.669900066
0.669900066
0.669900066
0.669900066
0.669900066
0.669900066
0.669900066
0.669900066
0.573902466
0.573902466
0.573902466
0.573902466
0.573902466
0.573902466
0.573902466
0.573902466
0.505679941
0.505679941
0.505679941
0.505679941
0.505679941
0.505679941
0.505679941
0.505679941
0.406036863
0.406036863
0.406036863
0.406036863
0.325880351
0.325880351
0.325880351
0.325880351
0.408917841
0.408917841
0.408917841
0.408917841
0.408917841
0.408917841
0.408917841
0.408917841
0.418531242
0.418531242
0.418531242
0.418531242
0.418531242
0.418531242
0.418531242
0.418531242
0.408778516
0.408778516
0.408778516
0.408778516
0.408778516
0.408778516
0.408778516
0.408778516
0.555626695
0.555626695
0.555626695
0.399413538
0.399413538
0.399413538
0.399413538
0.399413538
0.496362462
0.496362462
0.496362462
0.496362462
0.496362462
0.496362462
0.496362462
0.496362462
0.307071692
0.307071692
0.307071692
0.307071692
0.307071692
0.307071692
0.307071692
0.307071692
0.347033077
0.347033077
0.347033077
0.347033077
0.347033077
0.347033077
0.347033077
0.347033077
0.309375231
0.417951061
0.417951061
0.417951061
0.417951061
0.417951061
0.417951061
0.417951061
0.399955758
0.399955758
0.399955758
0.399955758
0.399955758
0.399955758
0.399955758
0.399955758
0.464901212
0.464901212
0.464901212
0.464901212
0.464901212
0.464901212
0.464901212
0.464901212
0.365182879
0.365182879
0.365182879
0.365182879
0.365182879
0.365182879
0.365182879
0.365182879
0.56844189
0.56844189
0.56844189
0.56844189
0.56844189
0.56844189
0.56844189
0.56844189
0.537492756
0.537492756
0.537492756
0.537492756
0.537492756
0.537492756
0.537492756
0.537492756
0.404610236
0.404610236
0.404610236
0.404610236
0.404610236
0.404610236
0.404610236
0.404610236
0.310911024
0.310911024
0.310911024
0.310911024
0.310911024
0.310911024
0.20779703
0.20779703
0.074579208
0.074579208
0.074579208
0.074579208
0.074579208
0.074579208
0.074579208
0.074579208
0.102285479
0.102285479
0.102285479
0.102285479
0.102285479
0.102285479
0.102285479
0.102285479
0.070973597
0.070973597
0.070973597
0.070973597
0.070973597
0.070973597
0.070973597
0.070973597
0.18179868
0.18179868
0.18179868
0.18179868
0.18179868
0.115203857
0.115203857
0.115203857
0.115203857
0.115203857
0.115203857
0.115203857
0.115203857
0.098004408
0.098004408
0.098004408
0.098004408
0.098004408
0.098004408
0.098004408
0.098004408
0.151387603
0.151387603
0.151387603
0.151387603
0.151387603
0.151387603
0.151387603
0.151387603
0.173779339
0.173779339
0.173779339
0.173779339
0.173779339
0.173779339
0.173779339
0.13618319
0.106810345
0.106810345
0.106810345
0.106810345
0.106810345
0.106810345
0.106810345
0.106810345
0.0626875
0.0626875
0.0626875
0.0626875
0.0626875
0.0626875
0.0626875
0.0626875
0.183103448
0.183103448
0.183103448
0.183103448
0.183103448
0.183103448
0.183103448
0.183103448
0.312038793
0.312038793
0.312038793
0.312038793
0.559436782
0.559436782
0.559436782
0.559436782
0.566047893
0.566047893
0.566047893
0.566047893
0.566047893
0.566047893
0.566047893
0.566047893
0.706704981
0.706704981
0.706704981
0.706704981
0.706704981
0.706704981
0.706704981
0.706704981
1.028597701
1.028597701
1.028597701
1.028597701
1.028597701
1.028597701
1.028597701
1.028597701
1.518047893
1.518047893
1.518047893
1.750991826
1.750991826
1.750991826
1.750991826
1.750991826
2.091513588
2.091513588
2.091513588
2.091513588
2.091513588
2.091513588
2.091513588
2.091513588
3.281630573
3.281630573
3.281630573
3.281630573
3.281630573
3.281630573
3.281630573
3.281630573
3.666854034
3.666854034
3.666854034
3.666854034
3.666854034
3.666854034
3.666854034
3.666854034
3.406006476
2.568802972
2.568802972
2.568802972
2.568802972
2.568802972
2.568802972
2.568802972
2.027198639
2.027198639
2.027198639
2.027198639
2.027198639
2.027198639
2.027198639
2.027198639
2.440491729
2.440491729
2.440491729
2.440491729
2.440491729
2.440491729
2.440491729
2.440491729
2.168995453
2.168995453
2.168995453
2.168995453
2.168995453
2.168995453
2.168995453
2.168995453
1.431078337
1.431078337
1.431078337
1.431078337
1.431078337
1.431078337
1.431078337
1.431078337
1.581989215
1.581989215
1.581989215
1.581989215
1.581989215
1.581989215
1.581989215
1.581989215
1.687642435
1.687642435
1.687642435
1.687642435
1.687642435
1.687642435
1.687642435
1.687642435
1.497404214
1.497404214
1.497404214
1.497404214
1.497404214
1.497404214
1.665636468
1.665636468
1.275223085
1.275223085
1.275223085
1.275223085
1.275223085
1.275223085
1.275223085
1.275223085
1.049550608
1.049550608
1.049550608
1.049550608
1.049550608
1.049550608
1.049550608
1.049550608
0.714513778
0.714513778
0.714513778
0.714513778
0.714513778
0.714513778
0.714513778
0.714513778
0.554459915
0.554459915
0.554459915
0.554459915
0.554459915
0.445002925
0.445002925
0.445002925
0.467991492
0.467991492
0.467991492
0.467991492
0.467991492
0.467991492
0.467991492
0.467991492
0.489308163
0.489308163
0.489308163
0.489308163
0.489308163
0.489308163
0.489308163
0.489308163
0.536817868
0.536817868
0.536817868
0.536817868
0.536817868
0.536817868
0.536817868
0.536817868
0.582516352
0.582516352
0.582516352
0.582516352
0.418743231
0.418743231
0.418743231
0.418743231
0.453496615
0.453496615
0.453496615
0.453496615
0.453496615
0.453496615
0.453496615
0.453496615
0.326100923
0.326100923
0.326100923
0.326100923
0.326100923
0.326100923
0.326100923
0.326100923
0.330808154
0.330808154
0.330808154
0.330808154
0.330808154
0.330808154
0.330808154
0.330808154
0.280731231
0.280731231
0.379254394
0.379254394
0.379254394
0.379254394
0.379254394
0.379254394
0.397655606
0.397655606
0.397655606
0.397655606
0.397655606
0.397655606
0.397655606
0.397655606
0.446229394
0.446229394
0.446229394
0.446229394
0.446229394
0.446229394
0.446229394
0.446229394
0.279400758
0.279400758
0.279400758
0.279400758
0.279400758
0.279400758
0.279400758
0.279400758
0.216890758
0.455151024
0.455151024
0.455151024
0.455151024
0.455151024
0.455151024
0.455151024
0.350378268
0.350378268
0.350378268
0.350378268
0.350378268
0.350378268
0.350378268
0.350378268
0.341008346
0.341008346
0.341008346
0.341008346
0.341008346
0.341008346
0.341008346
0.341008346
0.257246929
0.257246929
0.257246929
0.257246929
0.257246929
0.257246929
0.257246929
0.171930693
0.160354785
0.160354785
0.160354785
0.160354785
0.160354785
0.160354785
0.160354785
0.160354785
0.096971947
0.096971947
0.096971947
0.096971947
0.096971947
0.096971947
0.096971947
0.096971947
0.099628713
0.099628713
0.099628713
0.099628713
0.099628713
0.099628713
0.099628713
0.099628713
0
0
0
0
0
0
0.043809917
0.043809917
0.043809917
0.043809917
0.043809917
0.043809917
0.043809917
0.043809917
0.029693388
0.029693388
0.029693388
0.029693388
0.029693388
0.029693388
0.029693388
0.029693388
0.068473278
0.068473278
0.068473278
0.068473278
0.068473278
0.068473278
0.068473278
0.068473278
0.075774931
0.075774931
0.075774931
0.075774931
0.075774931
0.075774931
0.075774931
0.059381466
0.081252155
0.081252155
0.081252155
0.081252155
0.081252155
0.081252155
0.081252155
0.081252155
0.051625
0.051625
0.051625
0.051625
0.051625
0.051625
0.051625
0.051625
0.049209052
0.049209052
0.049209052
0.049209052
0.049209052
0.049209052
0.049209052
0.049209052
0.079471983
0.079471983
0.079471983
0.142480843
0.142480843
0.142480843
0.142480843
0.142480843
0.280402299
0.280402299
0.280402299
0.280402299
0.280402299
0.280402299
0.280402299
0.280402299
0.408749042
0.408749042
0.408749042
0.408749042
0.408749042
0.408749042
0.408749042
0.408749042
0.405329502
0.405329502
0.405329502
0.405329502
0.405329502
0.405329502
0.405329502
0.405329502
0.393931034
0.393931034
0.454379618
0.454379618
0.454379618
0.454379618
0.454379618
0.454379618
0.724167516
0.724167516
0.724167516
0.724167516
0.724167516
0.724167516
0.724167516
0.724167516
1.010521338
1.010521338
1.010521338
1.010521338
1.010521338
1.010521338
1.010521338
1.010521338
1.448335032
1.448335032
1.448335032
1.448335032
1.448335032
1.448335032
1.448335032
1.448335032
1.548857501
1.548857501
1.548857501
1.548857501
1.548857501
1.548857501
1.548857501
1.548857501
1.650395918
1.650395918
1.650395918
1.650395918
1.650395918
1.650395918
1.650395918
1.650395918
1.720401898
1.720401898
1.720401898
1.720401898
1.720401898
1.720401898
1.720401898
1.720401898
1.781880236
1.781880236
1.781880236
1.781880236
1.781880236
1.781880236
1.781880236
1.402207073
2.096053778
2.096053778
2.096053778
2.096053778
2.096053778
2.096053778
2.096053778
2.096053778
1.842298775
1.842298775
1.842298775
1.842298775
1.842298775
1.842298775
1.842298775
1.842298775
2.029103657
2.029103657
2.029103657
2.029103657
2.029103657
2.029103657
2.029103657
2.029103657
2.105417431
2.105417431
2.105417431
2.105417431
2.105417431
2.34195952
2.34195952
2.34195952
1.789235548
1.789235548
1.789235548
1.789235548
1.789235548
1.789235548
1.789235548
1.789235548
1.249704735
1.249704735
1.249704735
1.249704735
1.249704735
1.249704735
1.249704735
1.249704735
1.56929168
1.56929168
1.56929168
1.56929168
1.56929168
1.56929168
1.56929168
1.56929168
1.933492338
1.933492338
1.933492338
1.933492338
1.551797926
1.551797926
1.551797926
1.551797926
1.462630152
1.462630152
1.462630152
1.462630152
1.462630152
1.462630152
1.462630152
1.462630152
1.488405211
1.488405211
1.488405211
1.488405211
1.488405211
1.488405211
1.488405211
1.488405211
1.232326509
1.232326509
1.232326509
1.232326509
1.232326509
1.232326509
1.232326509
1.232326509
1.066112204
1.066112204
1.066112204
0.766377231
0.766377231
0.766377231
0.766377231
0.766377231
0.656007692
0.656007692
0.656007692
0.656007692
0.656007692
0.656007692
0.656007692
0.656007692
0.495861692
0.495861692
0.495861692
0.495861692
0.495861692
0.495861692
0.495861692
0.495861692
0.435769385
0.435769385
0.435769385
0.435769385
0.435769385
0.435769385
0.435769385
0.435769385
0.393304154
0.531335
0.531335
0.531335
0.531335
0.531335
0.531335
0.531335
0.527275909
0.527275909
0.527275909
0.527275909
0.527275909
0.527275909
0.527275909
0.527275909
0.391837576
0.391837576
0.391837576
0.391837576
0.391837576
0.391837576
0.391837576
0.391837576
0.279671364
0.279671364
0.279671364
0.279671364
0.279671364
0.279671364
0.279671364
0.279671364
0.410005039
0.410005039
0.410005039
0.410005039
0.410005039
0.410005039
0.410005039
0.410005039
0.333909921
0.333909921
0.333909921
0.333909921
0.333909921
0.333909921
0.333909921
0.333909921
0.187682362
0.187682362
0.187682362
0.187682362
0.187682362
0.187682362
0.187682362
0.187682362
0.138845197
0.138845197
0.138845197
0.138845197
0.138845197
0.138845197
0.09279703
0.09279703
0.014232673
0.014232673
0.014232673
0.014232673
0.014232673
0.014232673
0.014232673
0.014232673
0.055033003
0.055033003
0.055033003
0.055033003
0.055033003
0.055033003
0.055033003
0.055033003
0.075907591
0.075907591
0.075907591
0.075907591
0.075907591
0.075907591
0.075907591
0.075907591
0.054843234
0.054843234
0.054843234
0.054843234
0.054843234
0.031965014
0.031965014
0.031965014
0.031965014
0.031965014
0.031965014
0.031965014
0.031965014
0.06977135
0.06977135
0.06977135
0.06977135
0.06977135
0.06977135
0.06977135
0.06977135
0.067175207
0.067175207
0.067175207
0.067175207
0.067175207
0.067175207
0.067175207
0.067175207
0.076910744
0.076910744
0.076910744
0.076910744
0.076910744
0.076910744
0.076910744
0.060271552
0
0
0
0
0
0
0
0
0.054549569
0.054549569
0.054549569
0.054549569
0.054549569
0.054549569
0.054549569
0.054549569
0.093204741
0.093204741
0.093204741
0.093204741
0.093204741
0.093204741
0.093204741
0.093204741
0.030135776
0.030135776
0.030135776
0.054028736
0.054028736
0.054028736
0.054028736
0.054028736
0.229337165
0.229337165
0.229337165
0.229337165
0.229337165
0.229337165
0.229337165
0.229337165
0.274475096
0.274475096
0.274475096
0.274475096
0.274475096
0.274475096
0.274475096
0.274475096
0.308442529
0.308442529
0.308442529
0.308442529
0.308442529
0.308442529
0.308442529
0.308442529
0.511335249
0.511335249
0.589799469
0.589799469
0.589799469
0.589799469
0.589799469
0.589799469
0.937683864
0.937683864
0.937683864
0.937683864
0.937683864
0.937683864
0.937683864
0.937683864
1.13042707
1.13042707
1.13042707
1.13042707
1.13042707
1.13042707
1.13042707
1.13042707
1.785175478
1.785175478
1.785175478
1.785175478
1.785175478
1.785175478
1.785175478
1.785175478
1.727541318
1.727541318
1.727541318
1.727541318
1.727541318
1.727541318
1.727541318
1.727541318
1.703544934
1.703544934
1.703544934
1.703544934
1.703544934
1.703544934
1.703544934
1.703544934
1.677763695
1.677763695
1.677763695
1.677763695
1.677763695
1.677763695
1.677763695
1.677763695
1.469133978
1.469133978
1.469133978
1.469133978
1.469133978
1.469133978
1.469133978
1.156099053
1.411414665
1.411414665
1.411414665
1.411414665
1.411414665
1.411414665
1.411414665
1.411414665
1.77987442
1.77987442
1.77987442
1.77987442
1.77987442
1.77987442
1.77987442
1.77987442
1.903162521
1.903162521
1.903162521
1.903162521
1.903162521
1.903162521
1.903162521
1.903162521
2.109006831
2.109006831
2.109006831
2.109006831
2.109006831
2.345952187
2.345952187
2.345952187
1.980709964
1.980709964
1.980709964
1.980709964
1.980709964
1.980709964
1.980709964
1.980709964
1.634042322
1.634042322
1.634042322
1.634042322
1.634042322
1.634042322
1.634042322
1.634042322
1.581269681
1.581269681
1.581269681
1.581269681
1.581269681
1.581269681
1.581269681
1.581269681
1.36653364
1.36653364
1.36653364
1.36653364
1.096763627
1.096763627
1.096763627
1.096763627
1.025011433
1.025011433
1.025011433
1.025011433
1.025011433
1.025011433
1.025011433
1.025011433
0.754303643
0.754303643
0.754303643
0.754303643
0.754303643
0.754303643
0.754303643
0.754303643
0.611077905
0.611077905
0.611077905
0.611077905
0.611077905
0.611077905
0.611077905
0.611077905
0.511042808
0.511042808
0.511042808
0.367364308
0.367364308
0.367364308
0.367364308
0.367364308
0.320692615
0.320692615
0.320692615
0.320692615
0.320692615
0.320692615
0.320692615
0.320692615
0.312580154
0.312580154
0.312580154
0.312580154
0.312580154
0.312580154
0.312580154
0.312580154
0.300561692
0.300561692
0.300561692
0.300561692
0.300561692
0.300561692
0.300561692
0.300561692
0.264306
0.357064697
0.357064697
0.357064697
0.357064697
0.357064697
0.357064697
0.357064697
0.332168939
0.332168939
0.332168939
0.332168939
0.332168939
0.332168939
0.332168939
0.332168939
0.335280909
0.335280909
0.335280909
0.335280909
0.335280909
0.335280909
0.335280909
0.335280909
0.286977727
0.286977727
0.286977727
0.286977727
0.286977727
0.286977727
0.286977727
0.286977727
0.282233386
0.282233386
0.282233386
0.282233386
0.282233386
0.282233386
0.282233386
0.282233386
0.137425512
0.137425512
0.137425512
0.137425512
0.137425512
0.137425512
0.137425512
0.137425512
0.130327087
0.130327087
0.130327087
0.130327087
0.130327087
0.130327087
0.130327087
0.130327087
0.137709449
0.137709449
0.137709449
0.137709449
0.137709449
0.137709449
0.092037954
0.092037954
0.072871287
0.072871287
0.072871287
0.072871287
0.072871287
0.072871287
0.072871287
0.072871287
0.050668317
0.050668317
0.050668317
0.050668317
0.050668317
0.050668317
0.050668317
0.050668317
0.060915842
0.060915842
0.060915842
0.060915842
0.060915842
0.060915842
0.060915842
0.060915842
0.021254125
0.021254125
0.021254125
0.021254125
0.021254125
0.012818457
0.012818457
0.012818457
0.012818457
0.012818457
0.012818457
0.012818457
0.012818457
0.013629752
0.013629752
0.013629752
0.013629752
0.013629752
0.013629752
0.013629752
0.013629752
0.058413223
0.058413223
0.058413223
0.058413223
0.058413223
0.058413223
0.058413223
0.058413223
0.097193113
0.097193113
0.097193113
0.097193113
0.097193113
0.097193113
0.097193113
0.076165948
0.072351293
0.072351293
0.072351293
0.072351293
0.072351293
0.072351293
0.072351293
0.072351293
0.053659483
0.053659483
0.053659483
0.053659483
0.053659483
0.053659483
0.053659483
0.053659483
0.036112069
0.036112069
0.036112069
0.036112069
0.036112069
0.036112069
0.036112069
0.036112069
0.021489224
0.021489224
0.021489224
0.03852682
0.03852682
0.03852682
0.03852682
0.03852682
0.150231801
0.150231801
0.150231801
0.150231801
0.150231801
0.150231801
0.150231801
0.150231801
0.256693487
0.256693487
0.256693487
0.256693487
0.256693487
0.256693487
0.256693487
0.256693487
0.64059387
0.64059387
0.64059387
0.64059387
0.64059387
0.64059387
0.64059387
0.64059387
0.998733716
0.998733716
1.151989066
1.151989066
1.151989066
1.151989066
1.151989066
1.151989066
1.636608068
1.636608068
1.636608068
1.636608068
1.636608068
1.636608068
1.636608068
1.636608068
2.703138004
2.703138004
2.703138004
2.703138004
2.703138004
2.703138004
2.703138004
2.703138004
2.658436306
2.658436306
2.658436306
2.658436306
2.658436306
2.658436306
2.658436306
2.658436306
2.821657429
2.821657429
2.821657429
2.821657429
2.821657429
2.821657429
2.821657429
2.821657429
2.313172073
2.313172073
2.313172073
2.313172073
2.313172073
2.313172073
2.313172073
2.313172073
2.246735804
2.246735804
2.246735804
2.246735804
2.246735804
2.246735804
2.246735804
2.246735804
2.706236806
2.706236806
2.706236806
2.706236806
2.706236806
2.706236806
2.706236806
2.129606868
2.092620438
2.092620438
2.092620438
2.092620438
2.092620438
2.092620438
2.092620438
2.092620438
1.489913291
1.489913291
1.489913291
1.489913291
1.489913291
1.489913291
1.489913291
1.489913291
1.716357639
1.716357639
1.716357639
1.716357639
1.716357639
1.716357639
1.716357639
1.716357639
1.861962447
1.861962447
1.861962447
1.861962447
1.861962447
2.071152549
2.071152549
2.071152549
2.007964255
2.007964255
2.007964255
2.007964255
2.007964255
2.007964255
2.007964255
2.007964255
2.58759533
2.58759533
2.58759533
2.58759533
2.58759533
2.58759533
2.58759533
2.58759533
2.302553634
2.302553634
2.302553634
2.302553634
2.302553634
2.302553634
2.302553634
2.302553634
1.977411674
1.977411674
1.977411674
1.977411674
1.587047062
1.587047062
1.587047062
1.587047062
1.589554906
1.589554906
1.589554906
1.589554906
1.589554906
1.589554906
1.589554906
1.589554906
1.530063281
1.530063281
1.530063281
1.530063281
1.530063281
1.530063281
1.530063281
1.530063281
1.364963574
1.364963574
1.364963574
1.364963574
1.364963574
1.364963574
1.364963574
1.364963574
1.060399894
1.060399894
1.060399894
0.762270923
0.762270923
0.762270923
0.762270923
0.762270923
0.431863385
0.431863385
0.431863385
0.431863385
0.431863385
0.431863385
0.431863385
0.431863385
0.460006615
0.460006615
0.460006615
0.460006615
0.460006615
0.460006615
0.460006615
0.460006615
0.516894
0.516894
0.516894
0.516894
0.516894
0.516894
0.516894
0.516894
0.378781846
0.511716061
0.511716061
0.511716061
0.511716061
0.511716061
0.511716061
0.511716061
0.40766803
0.40766803
0.40766803
0.40766803
0.40766803
0.40766803
0.40766803
0.40766803
0.308761515
0.308761515
0.308761515
0.308761515
0.308761515
0.308761515
0.308761515
0.308761515
0.22189697
0.22189697
0.22189697
0.22189697
0.22189697
0.22189697
0.22189697
0.22189697
0.396092126
0.396092126
0.396092126
0.396092126
0.396092126
0.396092126
0.396092126
0.396092126
0.235667717
0.235667717
0.235667717
0.235667717
0.235667717
0.235667717
0.235667717
0.235667717
0.220051181
0.220051181
0.220051181
0.220051181
0.220051181
0.220051181
0.220051181
0.220051181
0.100797638
0.100797638
0.100797638
0.100797638
0.100797638
0.100797638
0.067367987
0.067367987
0.105132013
0.105132013
0.105132013
0.105132013
0.105132013
0.105132013
0.105132013
0.105132013
0.075528053
0.075528053
0.075528053
0.075528053
0.075528053
0.075528053
0.075528053
0.075528053
0.095833333
0.095833333
0.095833333
0.095833333
0.095833333
0.095833333
0.095833333
0.095833333
0.051427393
0.051427393
0.051427393
0.051427393
0.051427393
0.030342424
0.030342424
0.030342424
0.030342424
0.030342424
0.030342424
0.030342424
0.030342424
0.046243802
0.046243802
0.046243802
0.046243802
0.046243802
0.046243802
0.046243802
0.046243802
0.053220937
0.053220937
0.053220937
0.053220937
0.053220937
0.053220937
0.053220937
0.053220937
0.093623416
0.093623416
0.093623416
0.093623416
0.093623416
0.093623416
0.093623416
0.073368534
0.057855603
0.057855603
0.057855603
0.057855603
0.057855603
0.057855603
0.057855603
0.057855603
0.105920259
0.105920259
0.105920259
0.105920259
0.105920259
0.105920259
0.105920259
0.105920259
0.110752155
0.110752155
0.110752155
0.110752155
0.110752155
0.110752155
0.110752155
0.110752155
0.182340517
0.182340517
0.182340517
0.182340517
0.326908046
0.326908046
0.326908046
0.326908046
0.260568966
0.260568966
0.260568966
0.260568966
0.260568966
0.260568966
0.260568966
0.260568966
0.457078544
0.457078544
0.457078544
0.457078544
0.457078544
0.457078544
0.457078544
0.457078544
0.663390805
0.663390805
0.663390805
0.663390805
0.663390805
0.663390805
0.663390805
0.663390805
0.799944444
0.799944444
0.799944444
0.922695648
0.922695648
0.922695648
0.922695648
0.922695648
1.060482059
1.060482059
1.060482059
1.060482059
1.060482059
1.060482059
1.060482059
1.060482059
1.518280042
1.518280042
1.518280042
1.518280042
1.518280042
1.518280042
1.518280042
1.518280042
2.527223673
2.527223673
2.527223673
2.527223673
2.527223673
2.527223673
2.527223673
2.527223673
3.338690977
2.518033763
2.518033763
2.518033763
2.518033763
2.518033763
2.518033763
2.518033763
2.782192302
2.782192302
2.782192302
2.782192302
2.782192302
2.782192302
2.782192302
2.782192302
2.591014501
2.591014501
2.591014501
2.591014501
2.591014501
2.591014501
2.591014501
2.591014501
2.871831686
2.871831686
2.871831686
2.871831686
2.871831686
2.871831686
2.871831686
2.871831686
2.011000594
2.011000594
2.011000594
2.011000594
2.011000594
2.011000594
2.011000594
2.011000594
1.95934444
1.95934444
1.95934444
1.95934444
1.95934444
1.95934444
1.95934444
1.95934444
1.897388268
1.897388268
1.897388268
1.897388268
1.897388268
1.897388268
1.897388268
1.897388268
1.831374513
1.831374513
1.831374513
1.831374513
1.831374513
1.831374513
2.037128083
2.037128083
2.158644032
2.158644032
2.158644032
2.158644032
2.158644032
2.158644032
2.158644032
2.158644032
2.499583065
2.499583065
2.499583065
2.499583065
2.499583065
2.499583065
2.499583065
2.499583065
2.061084084
2.061084084
2.061084084
2.061084084
2.061084084
2.061084084
2.061084084
2.061084084
1.680391976
1.680391976
1.680391976
1.680391976
1.680391976
1.34866259
1.34866259
1.34866259
1.047582026
1.047582026
1.047582026
1.047582026
1.047582026
1.047582026
1.047582026
1.047582026
0.787323584
0.787323584
0.787323584
0.787323584
0.787323584
0.787323584
0.787323584
0.787323584
0.866459984
0.866459984
0.866459984
0.866459984
0.866459984
0.866459984
0.866459984
0.866459984
0.598120713
0.598120713
0.598120713
0.598120713
0.429960462
0.429960462
0.429960462
0.429960462
0.424251692
0.424251692
0.424251692
0.424251692
0.424251692
0.424251692
0.424251692
0.424251692
0.417641538
0.417641538
0.417641538
0.417641538
0.417641538
0.417641538
0.417641538
0.417641538
0.475630615
0.475630615
0.475630615
0.475630615
0.475630615
0.475630615
0.475630615
0.475630615
0.463111385
0.463111385
0.625641212
0.625641212
0.625641212
0.625641212
0.625641212
0.625641212
0.522946212
0.522946212
0.522946212
0.522946212
0.522946212
0.522946212
0.522946212
0.522946212
0.487902727
0.487902727
0.487902727
0.487902727
0.487902727
0.487902727
0.487902727
0.487902727
0.373436364
0.373436364
0.373436364
0.373436364
0.373436364
0.373436364
0.373436364
0.373436364
0.231909394
0.486668031
0.486668031
0.486668031
0.486668031
0.486668031
0.486668031
0.486668031
0.376500472
0.376500472
0.376500472
0.376500472
0.376500472
0.376500472
0.376500472
0.376500472
0.373377165
0.373377165
0.373377165
0.373377165
0.373377165
0.373377165
0.373377165
0.373377165
0.218063622
0.218063622
0.218063622
0.218063622
0.218063622
0.218063622
0.218063622
0.145742574
0.017648515
0.017648515
0.017648515
0.017648515
0.017648515
0.017648515
0.017648515
0.017648515
0.023721122
0.023721122
0.023721122
0.023721122
0.023721122
0.023721122
0.023721122
0.023721122
0.025618812
0.025618812
0.025618812
0.025618812
0.025618812
0.025618812
0.025618812
0.025618812
0.110066007
0.110066007
0.110066007
0.110066007
0.110066007
0.110066007
0.016063636
0.016063636
0.016063636
0.016063636
0.016063636
0.016063636
0.016063636
0.016063636
0.055330303
0.055330303
0.055330303
0.055330303
0.055330303
0.055330303
0.055330303
0.055330303
0.059062259
0.059062259
0.059062259
0.059062259
0.059062259
0.059062259
0.059062259
0.059062259
0.086321763
0.086321763
0.086321763
0.086321763
0.086321763
0.086321763
0.086321763
0.067646552
0.084431034
0.084431034
0.084431034
0.084431034
0.084431034
0.084431034
0.084431034
0.084431034
0.086211207
0.086211207
0.086211207
0.086211207
0.086211207
0.086211207
0.086211207
0.086211207
0.139362069
0.139362069
0.139362069
0.139362069
0.139362069
0.139362069
0.139362069
0.139362069
0.178017241
0.178017241
0.178017241
0.319157088
0.319157088
0.319157088
0.319157088
0.319157088
0.424250958
0.424250958
0.424250958
0.424250958
0.424250958
0.424250958
0.424250958
0.424250958
0.480787356
0.480787356
0.480787356
0.480787356
0.480787356
0.480787356
0.480787356
0.480787356
0.529800766
0.529800766
0.529800766
0.529800766
0.529800766
0.529800766
0.529800766
0.529800766
0.825477011
0.825477011
0.952146178
0.952146178
0.952146178
0.952146178
0.952146178
0.952146178
1.637659873
1.637659873
1.637659873
1.637659873
1.637659873
1.637659873
1.637659873
1.637659873
2.355779512
2.355779512
2.355779512
2.355779512
2.355779512
2.355779512
2.355779512
2.355779512
2.735480998
2.735480998
2.735480998
2.735480998
2.735480998
2.735480998
2.735480998
2.735480998
2.295918475
2.295918475
2.295918475
2.295918475
2.295918475
2.295918475
2.295918475
2.295918475
2.306429288
2.306429288
2.306429288
2.306429288
2.306429288
2.306429288
2.306429288
2.306429288
2.132505084
2.132505084
2.132505084
2.132505084
2.132505084
2.132505084
2.132505084
2.132505084
2.153130075
2.153130075
2.153130075
2.153130075
2.153130075
2.153130075
2.153130075
1.694353054
1.340563022
1.340563022
1.340563022
1.340563022
1.340563022
1.340563022
1.340563022
1.340563022
1.784400186
1.784400186
1.784400186
1.784400186
1.784400186
1.784400186
1.784400186
1.784400186
1.815300241
1.815300241
1.815300241
1.815300241
1.815300241
1.815300241
1.815300241
1.815300241
1.927508019
1.927508019
1.927508019
1.927508019
1.927508019
2.144062118
2.144062118
2.144062118
1.887142683
1.887142683
1.887142683
1.887142683
1.887142683
1.887142683
1.887142683
1.887142683
1.893044887
1.893044887
1.893044887
1.893044887
1.893044887
1.893044887
1.893044887
1.893044887
1.606961624
1.606961624
1.606961624
1.606961624
1.606961624
1.606961624
1.606961624
1.606961624
1.268279316
1.268279316
1.268279316
1.268279316
1.017905876
1.017905876
1.017905876
1.017905876
1.076422228
1.076422228
1.076422228
1.076422228
1.076422228
1.076422228
1.076422228
1.076422228
0.950472747
0.950472747
0.950472747
0.950472747
0.950472747
0.950472747
0.950472747
0.950472747
1.058727998
1.058727998
1.058727998
1.058727998
1.058727998
1.058727998
1.058727998
1.058727998
1.309930338
1.309930338
1.309930338
0.941646462
0.941646462
0.941646462
0.941646462
0.941646462
0.900984
0.900984
0.900984
0.900984
0.900984
0.900984
0.900984
0.900984
0.647094
0.647094
0.647094
0.647094
0.647094
0.647094
0.647094
0.647094
0.490753846
0.490753846
0.490753846
0.490753846
0.490753846
0.490753846
0.490753846
0.490753846
0.41664
0.562860606
0.562860606
0.562860606
0.562860606
0.562860606
0.562860606
0.562860606
0.509280606
0.509280606
0.509280606
0.509280606
0.509280606
0.509280606
0.509280606
0.509280606
0.415786212
0.415786212
0.415786212
0.415786212
0.415786212
0.415786212
0.415786212
0.415786212
0.276559394
0.276559394
0.276559394
0.276559394
0.276559394
0.276559394
0.276559394
0.276559394
0.499445197
0.499445197
0.499445197
0.499445197
0.499445197
0.499445197
0.499445197
0.499445197
0.296714173
0.296714173
0.296714173
0.296714173
0.296714173
0.296714173
0.296714173
0.296714173
0.242766142
0.242766142
0.242766142
0.242766142
0.242766142
0.242766142
0.242766142
0.242766142
0.220051181
0.220051181
0.220051181
0.220051181
0.220051181
0.220051181
0.147070957
0.147070957
0.093556106
0.093556106
0.093556106
0.093556106
0.093556106
0.093556106
0.093556106
0.093556106
0.08900165
0.08900165
0.08900165
0.08900165
0.08900165
0.08900165
0.08900165
0.08900165
0.065280528
0.065280528
0.065280528
0.065280528
0.065280528
0.065280528
0.065280528
0.065280528
0
0
0
0
0
0.015252342
0.015252342
0.015252342
0.015252342
0.015252342
0.015252342
0.015252342
0.015252342
0.023852066
0.023852066
0.023852066
0.023852066
0.023852066
0.023852066
0.023852066
0.023852066
0.041213774
0.041213774
0.041213774
0.041213774
0.041213774
0.041213774
0.041213774
0.041213774
0.069284573
0.069284573
0.069284573
0.069284573
0.069284573
0.069284573
0.069284573
0.054295259
0.041579741
0.041579741
0.041579741
0.041579741
0.041579741
0.041579741
0.041579741
0.041579741
0.065866379
0.065866379
0.065866379
0.065866379
0.065866379
0.065866379
0.065866379
0.065866379
0.057219828
0.057219828
0.057219828
0.057219828
0.057219828
0.057219828
0.057219828
0.057219828
0.091806034
0.091806034
0.091806034
0.16459387
0.16459387
0.16459387
0.16459387
0.16459387
0.178955939
0.178955939
0.178955939
0.178955939
0.178955939
0.178955939
0.178955939
0.178955939
0.228881226
0.228881226
0.228881226
0.228881226
0.228881226
0.228881226
0.228881226
0.228881226
0.258061303
0.258061303
0.258061303
0.258061303
0.258061303
0.258061303
0.258061303
0.258061303
0.51817433
0.51817433
0.597688004
0.597688004
0.597688004
0.597688004
0.597688004
0.597688004
0.72285276
0.72285276
0.72285276
0.72285276
0.72285276
0.72285276
0.72285276
0.72285276
0.897452335
0.897452335
0.897452335
0.897452335
0.897452335
0.897452335
0.897452335
0.897452335
1.365505414
1.365505414
1.365505414
1.365505414
1.365505414
1.365505414
1.365505414
1.365505414
1.659915145
1.659915145
1.659915145
1.659915145
1.659915145
1.659915145
1.659915145
1.659915145
2.531519334
2.531519334
2.531519334
2.531519334
2.531519334
2.531519334
2.531519334
2.531519334
2.984674185
2.984674185
2.984674185
2.984674185
2.984674185
2.984674185
2.984674185
2.984674185
3.013430183
3.013430183
3.013430183
3.013430183
3.013430183
3.013430183
3.013430183
2.371345183
2.388980063
2.388980063
2.388980063
2.388980063
2.388980063
2.388980063
2.388980063
2.388980063
2.237444942
2.237444942
2.237444942
2.237444942
2.237444942
2.237444942
2.237444942
2.237444942
2.131011416
2.131011416
2.131011416
2.131011416
2.131011416
2.131011416
2.131011416
2.131011416
1.969176276
1.969176276
1.969176276
1.969176276
1.969176276
2.190411772
2.190411772
2.190411772
1.580922493
1.580922493
1.580922493
1.580922493
1.580922493
1.580922493
1.580922493
1.580922493
1.483015357
1.483015357
1.483015357
1.483015357
1.483015357
1.483015357
1.483015357
1.483015357
1.251267083
1.251267083
1.251267083
1.251267083
1.251267083
1.251267083
1.251267083
1.251267083
1.453677935
1.453677935
1.453677935
1.453677935
1.1667046
1.1667046
1.1667046
1.1667046
1.006899229
1.006899229
1.006899229
1.006899229
1.006899229
1.006899229
1.006899229
1.006899229
1.06388301
1.06388301
1.06388301
1.06388301
1.06388301
1.06388301
1.06388301
1.06388301
1.021806966
1.021806966
1.021806966
1.021806966
1.021806966
1.021806966
1.021806966
1.021806966
0.863255517
0.863255517
0.863255517
0.620553231
0.620553231
0.620553231
0.620553231
0.620553231
0.630468462
0.630468462
0.630468462
0.630468462
0.630468462
0.630468462
0.630468462
0.630468462
0.549844615
0.549844615
0.549844615
0.549844615
0.549844615
0.549844615
0.549844615
0.549844615
0.514390154
0.514390154
0.514390154
0.514390154
0.514390154
0.514390154
0.514390154
0.514390154
0.536123538
0.724277121
0.724277121
0.724277121
0.724277121
0.724277121
0.724277121
0.724277121
0.478566818
0.478566818
0.478566818
0.478566818
0.478566818
0.478566818
0.478566818
0.478566818
0.297125455
0.297125455
0.297125455
0.297125455
0.297125455
0.297125455
0.297125455
0.297125455
0.342993182
0.342993182
0.342993182
0.342993182
0.342993182
0.342993182
0.342993182
0.342993182
0.406029921
0.406029921
0.406029921
0.406029921
0.406029921
0.406029921
0.406029921
0.406029921
0.100797638
0.100797638
0.100797638
0.100797638
0.100797638
0.100797638
0.100797638
0.100797638
0.1803
0.1803
0.1803
0.1803
0.1803
0.1803
0.1803
0.1803
0.243050079
0.243050079
0.243050079
0.243050079
0.243050079
0.243050079
0.162442244
0.162442244
0.047632013
0.047632013
0.047632013
0.047632013
0.047632013
0.047632013
0.047632013
0.047632013
0.092227723
0.092227723
0.092227723
0.092227723
0.092227723
0.092227723
0.092227723
0.092227723
0.097161716
0.097161716
0.097161716
0.097161716
0.097161716
0.097161716
0.097161716
0.097161716
0.04820132
0.04820132
0.04820132
0.04820132
0.04820132
0.049002204
0.049002204
0.049002204
0.049002204
0.049002204
0.049002204
0.049002204
0.049002204
0.056466116
0.056466116
0.056466116
0.056466116
0.056466116
0.056466116
0.056466116
0.056466116
0.082752066
0.082752066
0.082752066
0.082752066
0.082752066
0.082752066
0.082752066
0.082752066
0.072692011
0.072692011
0.072692011
0.072692011
0.072692011
0.072692011
0.072692011
0.056965517
0.057728448
0.057728448
0.057728448
0.057728448
0.057728448
0.057728448
0.057728448
0.057728448
0.044377155
0.044377155
0.044377155
0.044377155
0.044377155
0.044377155
0.044377155
0.044377155
0.050734914
0.050734914
0.050734914
0.050734914
0.050734914
0.050734914
0.050734914
0.050734914
0.030517241
0.030517241
0.030517241
0.054712644
0.054712644
0.054712644
0.054712644
0.054712644
0.144988506
0.144988506
0.144988506
0.144988506
0.144988506
0.144988506
0.144988506
0.144988506
0.185111111
0.185111111
0.185111111
0.185111111
0.185111111
0.185111111
0.185111111
0.185111111
0.276298851
0.276298851
0.276298851
0.276298851
0.276298851
0.276298851
0.276298851
0.276298851
0.438840996
0.438840996
0.506180998
0.506180998
0.506180998
0.506180998
0.506180998
0.506180998
0.767291507
0.767291507
0.767291507
0.767291507
0.767291507
0.767291507
0.767291507
0.767291507
1.130952972
1.130952972
1.130952972
1.130952972
1.130952972
1.130952972
1.130952972
1.130952972
1.491984926
1.491984926
1.491984926
1.491984926
1.491984926
1.491984926
1.491984926
1.491984926
1.373148443
1.373148443
1.373148443
1.373148443
1.373148443
1.373148443
1.373148443
1.373148443
1.294416506
1.294416506
1.294416506
1.294416506
1.294416506
1.294416506
1.294416506
1.294416506
1.341814322
1.341814322
1.341814322
1.341814322
1.341814322
1.341814322
1.341814322
1.341814322
0.999122163
0.999122163
0.999122163
0.999122163
0.999122163
0.999122163
0.999122163
0.78623475
0.683702747
0.683702747
0.683702747
0.683702747
0.683702747
0.683702747
0.683702747
0.683702747
0.502672118
0.502672118
0.502672118
0.502672118
0.502672118
0.502672118
0.502672118
0.502672118
1.402519194
1.402519194
1.402519194
1.402519194
1.402519194
1.402519194
1.402519194
1.402519194
1.025163969
1.025163969
1.025163969
1.025163969
1.025163969
1.140340381
1.140340381
1.140340381
1.290499375
1.290499375
1.290499375
1.290499375
1.290499375
1.290499375
1.290499375
1.290499375
0.713645807
0.713645807
0.713645807
0.713645807
0.713645807
0.713645807
0.713645807
0.713645807
0.96223272
0.96223272
0.96223272
0.96223272
0.96223272
0.96223272
0.96223272
0.96223272
0.816066393
0.816066393
0.816066393
0.816066393
0.654965169
0.654965169
0.654965169
0.654965169
0.559388461
0.559388461
0.559388461
0.559388461
0.559388461
0.559388461
0.559388461
0.559388461
0.511182132
0.511182132
0.511182132
0.511182132
0.511182132
0.511182132
0.511182132
0.511182132
0.765031641
0.765031641
0.765031641
0.765031641
0.765031641
0.765031641
0.765031641
0.765031641
0.746083488
0.746083488
0.746083488
0.536323846
0.536323846
0.536323846
0.536323846
0.536323846
0.573480923
0.573480923
0.573480923
0.573480923
0.573480923
0.573480923
0.573480923
0.573480923
0.654805846
0.654805846
0.654805846
0.654805846
0.654805846
0.654805846
0.654805846
0.654805846
0.688357385
0.688357385
0.688357385
0.688357385
0.688357385
0.688357385
0.688357385
0.688357385
0.250584923
0.338528182
0.338528182
0.338528182
0.338528182
0.338528182
0.338528182
0.338528182
0.42999303
0.42999303
0.42999303
0.42999303
0.42999303
0.42999303
0.42999303
0.42999303
0.493720758
0.493720758
0.493720758
0.493720758
0.493720758
0.493720758
0.493720758
0.493720758
0.250445909
0.250445909
0.250445909
0.250445909
0.250445909
0.250445909
0.250445909
0.250445909
0.47445874
0.47445874
0.47445874
0.47445874
0.47445874
0.47445874
0.47445874
0.47445874
0.220051181
0.220051181
0.220051181
0.220051181
0.220051181
0.220051181
0.220051181
0.220051181
0.246457323
0.246457323
0.246457323
0.246457323
0.246457323
0.246457323
0.246457323
0.246457323
0.28564063
0.28564063
0.28564063
0.28564063
0.28564063
0.28564063
0.190907591
0.190907591
0.16130363
0.16130363
0.16130363
0.16130363
0.16130363
0.16130363
0.16130363
0.16130363
0.091658416
0.091658416
0.091658416
0.091658416
0.091658416
0.091658416
0.091658416
0.091658416
0.131509901
0.131509901
0.131509901
0.131509901
0.131509901
0.131509901
0.131509901
0.131509901
0.10209571
0.10209571
0.10209571
0.10209571
0.10209571
