20000101
20191231
10.26
11.74
9.64
5.03
5.16
6.2
7.67
9.59
7.93
7.57
8.08
9.19
7.94
7.08
9.78
12.3
12.34
10.94
12.09
8.22
8.93
10.02
10.01
7.33
7.2
4.78
3.33
3.41
3.99
4.7
6.14
6.84
6.87
8.02
6.53
6.13
8.1
9.39
9.91
11.57
13.27
9.32
9.09
10.44
9.69
11.93
11.9
12.83
10.43
9.24
9.95
12.37
14.28
14.11
14.41
15.51
11.26
11.27
12.38
14.41
13.99
12.13
10.36
11.94
13.21
16.37
16.84
15.08
13.62
10.88
10.16
11.86
14.64
14.39
16.57
11.4
9.77
10.5
11.74
13.26
13.22
13.7
15.39
17.22
18.96
20.59
19.04
19.11
15.47
15.45
16.95
14.12
17.05
13.41
15.39
18.65
21.34
20.69
17.48
17.69
20.08
18.19
15.02
17.5
17.42
18.42
17.81
18.52
22.21
23.78
19.29
19.31
17.95
20.15
21.51
22.44
21.55
21.94
21.42
20.14
19.77
19.97
18.99
20.2
22.21
20.37
23.23
25.94
26.72
23.5
23.52
26.8
26.5
23.96
23.55
23.87
24.97
24.92
26.52
23.12
25.56
28.13
30.02
31.49
32.78
27.83
27.14
27.26
27.76
28.79
30.49
31.66
31.81
28.88
25.87
26.72
25.81
25.82
26.85
28
27.5
26.13
26.36
27.64
28.46
26.19
27.6
27.68
22.15
24.41
25.58
27.02
25.39
26.79
28.2
29.02
27.67
26.71
26.44
26.31
26.45
27.57
28.16
26.55
28.27
28.53
28.48
29.22
29.59
30.45
30.89
31.27
31.79
32
33.1
32.46
33.37
33.22
30.85
32.29
33.5
33.37
29.74
27.48
27.06
27.87
27.76
30.05
27.25
28.2
29.03
30
31.17
32.34
33.18
33.77
34.94
35.3
36.11
36.81
36.62
36.7
37.65
37.65
37.44
36.96
35.92
36.9
37.42
37.78
36.25
36.75
36.7
36.92
37.38
37.58
37.73
37.86
38.39
38.56
38.14
38.15
37.44
37.62
38.75
38.01
38.88
38.44
36.94
35.89
35.6
35.79
35.29
36.7
37.17
36.71
35.9
36.61
33.41
32.24
31.77
31.25
32.23
30.75
30.6
33.55
32.33
19.98
18.6
20.96
22.45
24.04
24.42
24.88
25.79
26.16
26.21
27.35
26.42
23.06
19.96
18.73
17.48
17.05
19.05
21.29
22.31
22.14
22.1
22.77
21.74
21.57
20.91
20.09
19.97
20.7
21.22
22.31
21.19
20.94
21.86
22.18
21.46
22.21
22.5
22.06
19.46
18.85
18.46
18.72
17.88
14.43
11.19
11.18
10.99
11.05
10.85
9.4
8.96
9.5
9.99
8.55
9.26
8.9
8.41
8.04
9.46
11.35
11.64
11.06
10.18
10.05
10.07
10.03
8.96
9.2
8.51
7.21
7.12
7.02
7.67
6.69
6.98
7.26
8.84
5.97
3.28
3.23
2.89
3.25
3.24
2.35
2.52
2.49
2.8
2.76
2.22
3.04
2.97
2.72
2.66
2.42
2.45
2.22
1.77
1.62
2.03
2.93
2.54
4.83
5.68
6.14
5.91
5.79
5.84
5.61
6.38
6.34
6.95
6.4
6.2
5.55
3.13
4.61
2.24
2.2
5.08
5.33
7.49
7.9
6.57
8.05
3.96
5.41
6.47
6.6
5.94
5.96
5.03
6.71
7.28
7.4
9.33
10.61
15.28
6
5.1
6.7
8.7
11
11.81
4.79
4.41
4.25
5.81
9.08
11.72
7.77
8.05
9
11.88
10.98
13.13
10.76
3.8
7.86
9.87
10.54
10.64
11.21
12.36
13.4
10.05
12.37
12.36
13.81
14.93
14.6
13.58
10.33
9.83
11.44
10.94
11.41
13.21
14.85
17.2
18.01
12.87
9.71
10.57
9.57
10.37
12.12
14.82
14.74
13.95
18.67
21.65
23.21
21.44
21.25
20.28
21.33
22.73
22.12
22.02
23.75
20.36
19.96
21.3
18.83
15.69
16.55
18.66
20.65
21.56
20.56
18.92
19.59
21.34
23.07
23.86
23.93
24.48
23.54
25.49
26.09
24.93
22.68
22.72
23.29
20.26
22.3
24.32
25.27
25.15
25.99
27.08
27.98
28.51
29.55
29.14
26.71
25.73
25.76
20.2
22.32
25.72
25
24.32
26.11
28.53
25.11
24.51
25.91
23.82
25.11
27.59
28.5
29.18
29.12
29.18
30.21
30.56
30.82
31.31
31.92
32.24
31.01
28.27
29.72
31.12
31.97
31.68
32.32
32.22
29.82
30.77
31.69
32.16
32.39
32.44
29.89
26.79
28.31
29.14
30.03
31.08
32.71
34.42
34.63
35.9
36.21
36.43
36.87
37.19
37.78
38.35
34.91
33.08
35.59
36.37
37.95
38.51
38.26
37.78
39.17
39.27
39.18
39.85
40.38
39.92
40.17
39.85
37.99
39.84
39.94
40.54
40.26
40.07
40.49
41.03
39.82
40.06
39.98
40.69
39.36
38
32.63
32.32
33.15
34.31
35.62
32.61
30.31
33.43
34.92
35.51
34.68
30.35
33.38
35.36
29.13
32.29
30.82
28.72
28.94
29.68
30.84
33.31
30.91
28.55
27.93
26.91
27.07
25.05
23.24
24.16
25.45
27.89
28.36
29.44
24.35
26.27
25.99
23.29
24.38
24.05
24.97
26.26
24.74
20.99
22.14
22.99
23.89
24.67
24.51
23.99
23.98
23.76
24.78
25.76
20.54
20.28
20.64
22.73
21.68
20.12
19.04
19.48
18.08
18.45
16.53
15.71
15.44
17.37
18.85
20.56
21.34
21.83
22.57
19.5
16.96
17.37
17.01
17.44
18.42
18.28
18.43
20.99
22.39
20.98
20.74
20.18
19.03
18.02
16.63
14.82
15.87
17.98
19.72
18.82
19.31
19.23
19.09
18.67
18.8
12.28
10.48
11.21
13.21
15.61
12.9
13.04
13.17
5.97
3.6
4.58
7.33
9.43
11.38
14.21
17.16
17.16
13.47
12.65
9.37
8.32
8.12
8.25
12.08
10.28
9.23
9.4
11.28
9.89
9.16
6.8
7.74
8.55
9.68
5.52
4.93
4.92
4.18
6.5
7.08
4.1
2.93
3.51
2.55
1.76
0.66
1.78
4.87
4.01
3.07
5.3
7.61
7.52
6.36
5.85
5.92
6.19
5.6
7.27
6.04
3.89
4.98
4.58
5.08
8.12
8.95
5.86
5.11
6.09
7.75
10.59
10.29
5.42
3.9
3.73
4.08
6.29
5.84
5.17
5.12
7.12
7.14
7.71
4.73
4.47
5.56
5.96
5.41
7.18
7.28
8.41
9.54
12.63
10.74
10.27
9.56
10.33
11.71
7.43
2.65
3.83
5.39
6.78
1.95
1.19
3.39
5.76
9.53
11.7
14.02
8.71
7.85
10.76
12.45
13.58
15.99
12.05
10.5
12.52
12.45
12.65
12.86
8.74
7.44
9.93
14.3
8.68
9.72
11.96
15.55
16.58
13.67
15.32
16.56
15.45
12.81
12.96
14.7
13.33
11.54
13.56
16.23
17.04
18.39
17.32
17.62
20.38
21.42
21.02
23.59
22.7
21.53
20.1
20.61
20.24
20.71
22.08
17.1
14.91
18.22
19.69
20.95
23.14
24.78
20.8
19.21
21.96
22.6
24.71
25.05
24.65
21.93
20.52
22.27
20.4
19.98
21.75
21.76
23.6
20.32
20.16
21
22.09
22.65
22.08
21.46
22.82
20.94
24.54
22.67
22.1
23.72
25.25
26.44
27.16
27.64
28.4
27.99
25.43
26.28
27.01
27.23
28.13
27.67
28.74
29.83
26.34
26.45
26.32
25.58
26.4
26.74
27.64
28.91
29.54
29.54
29.1
29.38
30.13
30.33
30.55
30.75
30.61
29.16
25.94
26.55
26.19
27.23
27.89
27.7
28.93
29.91
30.47
30.63
30.07
30.08
29.55
30.09
30.15
29.68
29.41
29.28
30.99
31.68
31.93
32.37
31.58
31.57
31.09
32.71
33.04
32.21
28.54
29.09
30.15
31.57
32.27
32.66
32.98
33.04
33.46
33.4
33.73
33.01
32.44
32.69
32.97
30.23
26.82
28.61
29.69
29.95
30.76
31.35
31.6
32.2
32.27
32.83
33.49
30.06
31.13
27.62
28.25
28.69
28.06
28.2
28.75
29.4
29.97
29.46
30.18
30.26
30.61
26.9
26.57
27.86
27.67
28.02
28.12
27.28
24.88
25.59
26.55
28.62
24.46
23.36
23.61
22.9
22.51
22.32
22.77
24.25
24.28
25.38
25.81
26.87
26.93
27.49
27.55
24.93
22.77
23.15
21.15
18.77
17.26
18.66
19.49
19.05
15.59
15.41
15.32
15.1
15.6
17.12
17.52
16.42
16.52
17.3
16.91
13.33
13.33
13
14.08
14.24
14.28
13.68
11.43
10.48
10.18
11.72
10.18
11.36
10.72
11.28
12.92
15.28
13.78
11.92
12.38
10.95
12.07
11.59
10.5
10.37
11.32
10.56
10.86
11.59
10.54
11.14
11.55
8.36
7.32
5.95
6.61
8.19
8.25
7.04
9.78
7.22
4.83
4.4
4.55
6.45
8.06
8.38
9.03
8.35
9.05
8.29
7.16
7.92
10.42
9.83
11.66
9.4
6.88
6.26
5.89
5.36
3.59
3
4.48
4.53
4.77
7.74
9.77
6.57
6.36
5.15
6.18
8.02
8.57
6.91
6.55
8.69
9.38
6.05
6.3
7.69
7.99
7.89
6.98
3.98
3.53
3.95
4.32
6.14
5.11
3.52
0.57
0.45
3.14
2.57
2.64
7.53
6.56
5.1
7.63
8.12
10.8
9.72
5.77
5.13
4.15
2.19
3.27
3.84
5.35
5.91
7.37
11.29
15.24
9.67
5.77
7.51
9.94
10.43
10.54
11
9.36
6.32
1.48
1.42
3.61
5.36
6.27
7.92
8.23
8.51
10.74
6.08
7.59
10.99
13.36
10.02
9.95
13.8
16.82
16.67
15.68
16.91
19.04
18.42
15.95
16.04
11.95
14.31
14.88
16.55
17.66
15.9
15.78
16.25
11.63
10.74
12.48
15.54
16.98
18.86
18.62
19.94
17.09
18.95
15.18
11.85
14.21
16.96
19.2
20.58
22.19
23.07
19.74
17.83
18.86
22.35
22.52
20.1
21.26
20.74
17.63
20.66
20.66
22.32
24.42
24.2
25.45
25.92
26.1
24.95
24.42
26.78
26.58
27.19
26.95
27.45
29.14
28.87
26.24
26.66
26.33
25.38
25.25
24.53
22.34
24.72
25.94
18.88
20.23
22.46
24.03
25.42
24.85
23.13
24.18
25.38
27.93
29.25
28.81
27.05
26.57
25.89
22.67
22.73
24.05
23.96
23.76
24.83
25.41
26.59
25.63
26.5
25.14
26.46
26.68
26.96
27.17
27.49
28.06
27.51
28.32
29.33
29.68
29.53
24.44
25.23
26.13
26.7
27.92
28.76
29.63
30.17
30.47
30.57
29.95
30.18
29.95
30.52
31.87
31.76
32.61
32.42
33.06
33.14
32.89
33.46
33.93
34.17
34.6
34.07
33.55
32.57
32.25
33.55
34.4
34.17
34.7
34.71
30.19
30.21
31.78
30.39
29.02
30.13
33.04
34.38
34.09
34.38
31.2
30.17
29.39
28.8
28.01
28.76
30.69
31.7
32.88
33.12
33.59
33.36
34.09
34.6
33.85
31.17
31.9
33.03
32.8
33.54
32.07
27.9
27.23
25.04
25.55
26.88
26.86
26.48
26.08
25.44
26.1
27.37
28.07
25.08
23.78
23.09
22.97
22.44
23.73
24.76
23.09
21.43
22.03
22.88
23.29
24.11
24.37
24.22
25.05
23.99
22.88
20.78
21.39
19.01
19.83
21.05
21.19
21.66
23.05
23.24
23.74
24.24
24.26
22.82
21.77
22.47
19.52
18.85
20.46
19.51
19.93
21.33
22.16
22.78
22.84
22.85
22.81
18.62
17.51
18.27
18.97
18.54
20.69
18.95
18.43
20.54
21.52
20.93
15.29
12.9
13.02
13.75
14.27
14.83
18.05
17.35
13.57
12.16
14.69
14.83
17.31
14.32
13.12
13.2
13.8
15.39
11
7.8
9.01
11.03
9.85
8.47
8.82
10.38
11.15
11.54
11.44
10.1
7.83
7.65
9
12.22
10.81
6.35
6.82
6.71
6.99
7.45
8.63
5.89
6.15
6.9
6.81
6.95
9.27
11.4
8.18
7.53
8.05
10.21
13.92
11.17
8.02
7.71
9.23
12.92
13.96
14.92
10.67
5.46
2.89
4.06
6.78
6.48
6.74
8.1
10.27
12.92
11.97
11.13
11.9
11.87
7.45
5.31
6.33
7.94
7.35
7.71
11.24
12.39
7.42
4.08
5.3
6.47
4.3
5.02
6.99
5.32
5.33
5.55
6.24
4.88
4.29
4.64
6.56
6.53
7.38
4.47
4.32
6
5.47
7.11
7.99
8.55
11.08
10.93
10.89
11.87
12.51
8.94
7.7
8.49
9.1
9.51
11.11
11.23
10.81
11.11
12.85
13.17
13.32
12.48
12.9
13.25
12.28
13.23
13.67
12.66
14.43
13.82
13.23
15.15
17.92
19.19
19.91
15.98
15.27
16.23
17.05
18.1
19.23
18.41
18.1
17.59
17.11
17.1
18.13
19.5
19.32
19
19.28
19.3
18.63
19.09
18.69
14.97
13.82
14.44
14.44
15.9
18.55
21.14
21.75
20.07
19.74
21.09
21.34
23.12
21.17
19.89
20.64
21.36
21.41
21.5
21.97
20.33
16.82
18.45
19.14
21.17
22.29
23.64
23.51
24.26
24.17
24.85
25
25.15
23.53
19.22
21.3
23.04
24.76
25.57
26.96
27.9
27.44
26.37
28.6
28.57
26.56
27.38
26.37
27.22
26.77
28.47
27.65
28.75
26.25
24.51
24.95
25.11
26.74
24.88
24.65
23.76
24.09
28.33
27.24
27.74
29.01
28.08
28.81
29.06
27.71
26.39
26.48
26.26
25.51
25.53
26.09
26.81
27.05
26.92
27.27
26.22
26.28
25.92
27.29
28.63
29.21
28.59
27.7
28.32
29.16
28.58
28.65
29.08
29.73
30.16
30.51
31.05
30.98
31.03
30.53
30.76
31.49
31.72
31.29
31.01
28.25
25.03
26.38
26.31
24.64
24.92
26.5
27.62
28.56
29.36
29.69
29.62
28.74
27.28
27.26
25.92
27.02
27.82
25.9
25.04
25.51
24.36
23.59
25.18
25.67
26.08
25.25
24.05
24.08
26.06
26.82
27.89
27.96
28.67
29.19
26.93
26.13
25.23
25.72
26.08
26.49
26.03
26.83
27.65
26.09
24.04
23.44
23.84
25.51
27.37
28.6
28.8
28.85
29.54
30.77
31.19
30.16
29.49
28.42
29.18
27.9
27.06
28.18
27.6
27.64
26.81
25.36
26.46
24.28
23.18
20.19
20.18
22.17
22.29
21.44
23.04
24.14
21.64
19.55
19.84
19.26
19.07
17.28
18.39
17.77
17.95
20.43
19.87
19.61
21.5
22.14
20.79
19.6
22.57
22.52
22.47
23.3
22.88
19.34
19.94
20.25
15.69
13.75
13.32
14.05
14.86
15.71
15.46
14.53
14.37
12.38
12.02
11.81
12.62
13.56
15.88
16.58
17.08
16.51
15.01
14.12
13.93
15.54
11.32
10.18
12.27
11.46
9.7
11.12
8.34
7.17
7.33
6.99
7.52
10.22
11.29
10.73
10.38
10.84
9.48
9.13
9.39
7.17
5.34
4.19
7.36
7.35
8.19
6.81
7.33
7.67
3.93
1.99
1.68
2.9
5.17
6.17
7.96
9.98
12.27
12.36
14.28
15.56
11.74
9.39
5.54
2.74
3.75
4.82
7.69
9.55
9.39
10.75
8.09
5.38
3.76
3.22
3.32
4.06
6.43
8.41
10.2
7.36
4.14
6.42
9.27
9.82
7.98
6.67
7.42
6.23
7.09
6.82
6.98
7.57
7.77
8.84
10.32
9.19
7.94
6.26
7.78
9.28
10.18
13.01
12.26
13.31
10
10.37
10.1
10.18
14.86
14.2
12.85
11.04
10.58
10.77
11.77
11.11
11.02
8.96
10.99
12.2
14.87
14.25
15.49
14.26
12.14
11.8
11.4
12.08
14
11.91
11.95
10.35
10.72
10.67
12.96
12.4
13.58
16.05
12.08
12.29
13.99
13.53
10.94
11.42
13.14
15.84
16.45
15.52
14.19
14.81
15.88
17.97
18.97
16.16
17.11
17.66
19.17
18.55
17.91
17.14
17.61
18.83
18.86
19.2
20.05
19.95
20.51
22.23
22.92
20.12
19.23
18.96
19.41
19.05
20.69
22.31
18.08
18.86
17.86
15.35
15.08
15.9
17.95
20.45
19.98
21.87
22.4
25.1
25.94
23.81
22.91
23.63
21.4
22.61
23.67
24.24
25.4
27.41
28.66
29.52
28.41
28.28
25.93
25.11
22.67
22.78
24.55
24.7
24.42
25.71
26.93
27.24
27.65
25.8
27.87
28.69
29.6
29.86
28.09
28.91
28.58
27.95
27.42
27.11
28.56
28.16
28.98
29.06
28.83
28.83
28.82
29.35
29.95
30.19
30.69
31.08
31.43
31.73
32.4
30.65
29.69
31.72
29.64
29.74
29.8
29.12
29.66
30.08
30.6
31.47
32.35
32.41
32
32.75
32.94
32.85
32.53
33.07
33.75
34.16
34.52
34.44
33.8
34.21
33.24
28
28.49
28.91
29.52
29.87
30.25
30.93
31.25
31.48
30.84
30.23
30.42
30.21
30.46
30.63
30.68
31.42
30.18
28.47
28.31
27.87
29.78
30.45
30.61
31.05
29.63
30.52
30.56
30.94
30.83
31.08
28.96
29.37
29.24
29.04
28.82
28.97
29.6
29.64
29.51
29.08
28.99
29.33
29.41
29.16
29.29
28.41
28.74
29.8
28.14
27.54
25.93
25.84
28.38
28.69
28.75
28.41
28.41
28.55
28.8
29.23
29.02
28.42
29.05
27.05
26.15
26.26
27.29
27.61
27.64
27.03
22.91
21.78
21.18
21.01
21.39
21.87
21.71
22.28
21.94
22.15
22.3
22.72
23.45
23.53
22.02
21.01
20.46
17.59
16.19
16.57
17.32
18.24
18.19
18.33
18.94
17.63
14.84
15.94
17.35
19.69
19.71
17.99
19.6
21.95
20.02
17.72
18.19
20.8
18.2
17.14
17.17
13.29
12.39
12.54
13.74
13.42
12.52
13.83
14.59
14.49
13.63
15.14
16.62
13.15
10.82
10.26
10.17
9.97
11.94
9.8
8.39
7.6
5.18
4.26
3.05
5.23
7.53
8.87
8.79
9.23
7.08
7.29
8.62
8.57
6.65
7.2
7.36
7.58
9.55
10.27
9.68
9.78
11.53
11.7
10.8
10.99
9.89
14.28
12.6
12.03
12.51
10.79
9.65
11.09
13.8
10.17
8
7.85
11.03
8.88
9.41
13.59
12.29
7.92
9.85
13.66
12.99
9.55
10.87
9.04
10.41
11.29
11.85
12.17
13.02
10.27
9.25
9.41
12.97
14.21
13.26
10.11
10.89
9.38
9.82
10.47
9.47
9.75
5.72
5.8
8.17
11.84
14.55
14.2
5.89
3.08
3.12
5.42
7.13
8.47
9.33
12.08
13.11
11.6
14.87
17.85
21.32
17.87
17.37
18.15
20.11
19.09
21.7
21.74
15.73
18.31
20.29
22.38
17.31
15.8
16.75
18.53
13.74
12.33
11.47
12.25
8.68
7.88
7.19
10.15
12.76
14.15
16.89
17.24
16.18
18.51
21.3
21.55
21.81
18.66
19.9
22.58
22.22
19.15
18.4
20.07
21.81
21.37
26.06
26.62
26.67
26.92
27.74
27.5
27.67
24.61
24.13
26.63
26.69
28.58
27.78
19.37
21.43
23.89
22.03
19.28
21.49
21.39
23.55
24.38
23.14
20.17
18.36
20.45
21.83
25.4
21.34
19.48
21.62
23.85
22.97
21.68
22.16
23.42
25.42
27.39
28.67
29.13
28.96
29.22
30.61
31.36
30.96
30.94
30.47
31.48
29.86
25.34
25.87
26.48
25.2
28.45
29.17
31.03
31.48
30.53
31.19
32.37
33.31
30.26
31.85
31.41
31.8
32.51
27.33
27.66
29.21
30.4
30.83
28.78
28.06
28.98
28.68
28.29
28.42
30.07
30.78
31.66
32.61
34.04
33.98
30.91
32.85
32.17
32.08
31.44
33.95
33.63
29.66
31.14
31.6
31.96
34.57
35.62
36.58
37.15
37.37
37.92
35.11
29.1
28.54
29.57
31.73
32.6
32.03
30.19
30.71
30.92
31.81
32.89
33.63
34.43
34.6
34.68
34.75
34.69
34.92
35.62
36.23
33.67
36.03
36.12
35.23
33.86
35.83
35.38
36.95
37.52
36.98
34.64
30.78
32.41
34.96
36.76
36.04
28.46
28.82
26.88
27.62
29.49
30.63
26.54
26.77
25.8
27.03
26.51
26.26
26.26
26.86
26.66
27.48
26.92
25.63
25.26
26.64
28.63
24.93
22.28
22.47
22.7
22.32
23.36
23.12
21.15
21.58
22.86
24.21
21.74
21.65
24.74
25.87
27.21
27.28
27.73
25.94
25.53
24.16
22.77
21.55
20.46
19.56
16.6
17.78
20.45
18.05
19.31
20.2
16.89
14.37
15.33
15.14
13
13.91
15.97
18.44
20.95
15.7
16.52
16.64
18.3
14.5
13.19
11.86
12.26
15.78
16.45
16.19
16.11
16.78
18.02
15.64
11.8
12
13.73
14.5
10.57
8.99
10.95
11.28
10.34
9.94
10.72
12.75
13.86
15.24
15.28
16.44
17.67
17.95
12.6
6.34
5.94
5.8
4.84
4.8
6.03
6.94
4.89
3.46
5.1
8.42
11.32
9.74
9.28
10.02
10.83
13.49
14.33
11.34
10.33
11.38
9.23
7.52
7.54
8.72
6.23
6.15
7.52
10.98
13.15
12.6
8.23
5.88
5.96
7.62
10.01
10.84
9.12
6.74
6.33
7.29
7.45
11.83
6.62
2.63
2.33
1.34
1.94
2.85
4.73
5.33
4.54
4.75
4.26
4.15
6.29
6.57
7.3
6.53
3.97
5.89
3.91
2.8
3.92
2.34
3.16
3.78
5.34
8.85
8.86
6.05
5.9
5.67
6.89
9.45
4.88
1.99
1.66
2.2
5.9
7.26
9.91
12.11
12.1
13.07
14.53
13.13
9.73
10.11
11.39
15.32
12.1
10.26
8.45
9.01
11.58
12.56
13.28
15.09
17.86
17.72
15.56
17.21
19.04
18.62
16.66
14.66
14.92
16.79
19.14
18.92
19.47
19.99
20.52
20.65
20.55
19.71
19.91
20.85
19.42
18.51
18.82
19.54
21.51
21.79
16.76
14.49
11.21
12.34
12.87
12.21
14.07
15.5
15.81
12.5
11
15.72
16.78
15.32
18.42
19.46
21.46
21.44
21.42
20.92
20.56
18.61
18.67
18.03
20.78
21.32
22.77
22.56
22.85
22.88
24.12
23.85
24.5
21.91
22.53
23.54
23.29
21.6
26.52
26.87
27.18
25.54
24.44
24.41
23.9
22.73
23.78
23.3
24.53
25.24
23.59
23.12
22.59
22.77
22.65
23.19
22.78
23.45
23.76
23.98
24.39
24.59
25.03
25.15
26.3
24.61
25.66
26.84
27.94
28.38
28.78
25.58
25.04
25.33
24.98
25.23
27.51
25.48
24.96
25.36
26.16
26.22
26.03
24.55
24.95
25.07
24.81
25.84
26.59
26.94
27.52
27.87
27.72
27.67
27.82
28.34
28.17
26.35
27.27
26.6
25.49
26.37
27.53
27.94
27.98
27.94
27.77
28.41
28.12
29.05
27.39
27.75
27.45
27.93
28.18
28.84
29.46
29.49
29.4
28.65
28.54
28.46
28.91
29.98
30.43
30.87
31.41
31.56
30.83
31.41
31.95
31.85
32.36
32.47
32.08
30.27
27.93
26.95
28.43
28.36
28.26
28.43
28.71
28.55
29.91
30.7
30.82
31.01
30.98
30.73
29.94
29.6
29.48
27.5
26.92
28.42
28.39
28.66
27.42
26.87
24.22
23.59
24.78
25.08
24.48
26.21
26.5
26.59
27.07
27.37
27.55
27.66
26.82
27.32
25.88
25.08
26.13
24.9
24.89
25.62
26.03
27.52
24.81
25.73
25.62
25.82
26.06
24.26
21.92
21.41
21.49
21.92
22.8
22.74
20.65
19.81
21.6
19.1
18.2
18.52
20.71
15.62
15.11
15.7
14.37
13.7
14.34
15.35
15.59
15.93
16.75
15.22
16.61
16
17.08
17.88
14.12
12.96
14.38
15.92
17.91
19.14
20.34
18.76
17.51
13.86
13.63
16.28
15.73
16.77
18.73
14.42
10.69
9.8
10.58
10.26
10.41
10.55
11.56
9.92
11.56
13.41
14.19
9.01
10.08
10.83
9.54
11.34
10.56
7.18
6.39
7.02
6.21
6.63
6.68
6.25
5
5.27
7.01
7.14
8.51
8.18
6.98
4.9
6.75
5.88
5.56
5.81
5.8
4.87
4.95
4.93
4.01
2.66
2.34
4.79
8.86
11.65
13.72
11.52
7.99
8.37
7.41
7.41
6.97
7.11
7.15
7.88
4.61
4.08
3.24
2.82
4.5
3.56
2.84
3.07
4.1
5.79
6.28
9.35
9.12
5.24
4.99
3.83
6.96
9.26
12.79
10.05
7.2
6.61
6.91
7.92
7.49
6.99
6.7
7.04
9.41
6.38
5.7
7.19
7.33
8.51
8.25
5.76
6.03
5.4
7.63
9.74
7.67
8
9.43
10.56
11.77
13.66
8.14
8.25
8.86
6.23
6.13
5.35
8.93
11.34
11.38
13.52
14.53
15.45
14.03
13.98
15.25
12
12.45
13.45
14.16
13.57
12.41
11.51
14.31
16.91
19.04
13.88
14.37
17.38
18.81
16
13.71
16.2
15.11
15.06
16.86
17.44
17.52
13.08
15.78
14.9
14.54
14.05
14.28
15.67
16.99
17.12
16.18
17.7
18.97
22.24
21.05
20.63
21.94
21.24
19.39
17.96
17.99
19.52
20.63
22.89
21.01
18.24
18.75
21.04
21.12
19.83
21.1
22.25
22.31
19.32
19.34
22
20.11
19.57
20.23
21.25
22.76
23.54
24.01
23.04
24.77
25.81
27.04
27.11
27.78
25.06
25.92
25.71
26.46
26.91
26.99
27.77
27.78
28.12
27.39
26.02
26.68
26.65
23.31
23.38
25.72
26.27
26.98
26.93
27.74
27.05
24.1
25.88
26.86
27.09
26.4
26.75
27.01
26.64
27.38
27.96
28.07
27.59
27.18
26.77
27.73
28.56
27.33
27.27
27.68
27.7
27.72
27.72
27.26
27.51
27.89
28.12
26.66
26.88
27.5
27.81
28.25
28.46
28.75
29.09
29.67
30.14
30.35
30.43
31.09
31.17
30.97
31.31
31.35
31.47
31.4
32.23
32.82
32.99
33.24
33.32
31.79
31.35
31.15
32.33
30.31
27.76
27.54
27.36
27.62
27.64
26.96
27.16
25.05
22.92
24.8
26.68
28.55
29.35
29.53
29.32
29.11
30.06
30.8
30.91
30.63
28.85
28.84
29.01
23.89
25.21
26.34
27.27
28.15
27.1
24.64
24.79
25.9
27.69
26.31
24.44
22.76
22.07
22.3
22.6
22.99
23.54
24.23
24.61
24.56
24.94
24.9
24.76
24.57
24.36
24.04
23.52
22.72
22.75
23.27
24.23
24.51
22.78
20.36
19.43
20.34
21.1
22.29
22.75
23.11
22.07
20.27
18.2
17.68
18.58
18.52
19.75
20.12
17.48
14.71
15.03
15.27
15.83
13.44
12.76
14.42
16.81
15.22
16.61
16
17.08
17.88
14.12
12.96
14.64
15.82
17.43
18.3
19.75
18.12
16.91
13.89
13.18
15.43
15.15
15.99
17.74
13.85
10.39
9.63
10.58
10.36
10.38
10.75
11.65
10.39
11.52
12.75
13.19
8.83
10.1
10.24
9.05
10.75
10.23
7.96
6.8
6.65
6.08
6.77
7.27
7.24
5.08
5.14
6.85
7.34
8.76
8.12
6.32
4.35
6.31
5.85
5.77
7.24
6.96
5.23
5.32
5.5
7.66
6.95
8.08
9.32
6.6
5.34
5.2
6.57
8.44
9.83
7.15
6.45
7.71
6.14
7.23
5.5
4.36
6.1
7.77
9.04
8.16
7.39
8.54
9.66
7.26
7.77
5.78
4.19
2.2
2.38
2.53
5.1
6.74
6.24
6.44
5.74
7.59
11.12
13.89
13.88
13.86
13.12
12.45
11.47
12.72
9.9
9.16
9.51
12.57
12.46
10.1
9.97
8.83
8.4
9.78
12.38
13.37
15.56
12.26
8.55
7.83
8.25
12.69
12.74
16.03
17.55
17.63
17.21
17.58
18.25
12.72
10.36
10.13
12.34
13.81
15.33
17.34
18.77
15.18
15.79
16.14
17.18
17.22
17.31
14.64
14.17
12.19
8.69
11.93
14.36
13.33
13.52
13.16
13.48
16.52
13.66
11.91
13.38
16.18
18.26
16.54
16.79
14.44
14.57
16.41
16.52
17.66
16.9
18.77
16.54
18.03
19.39
21.31
22.22
20.3
23.44
23.01
22.7
21.61
20.72
22.05
23.92
18.93
19.08
18.68
18.62
22.02
22.92
25.87
23.75
21.22
19.69
20.32
23.73
24.33
25.43
23.94
23.1
22.78
23.13
23.43
23.87
26.14
26.51
26.75
27.25
26.67
24.96
25.13
25.79
26.55
27.12
27.55
27.39
25.76
26.38
26.54
27.23
27.81
28.41
28.85
27.22
27.32
29.24
29.57
29.22
29.63
29.92
30.15
30.48
30.71
31.09
31.87
32.47
32.7
33.04
33.35
33.37
33.89
33.21
30.46
31.94
32.85
33.26
33.62
32.92
31.41
29.98
30.03
30.55
32.21
33.83
34.25
34.81
35.51
35.37
35.89
34.39
31.72
30.52
30.75
31.73
32.25
31.1
31.66
32.58
33.81
31.62
29.11
30.42
30.35
30.05
29.66
30.59
31.05
30.44
30.9
30.72
30.26
31.1
30.97
31.2
31.63
30.51
30.27
29.39
30.04
30.65
31.68
32.41
30.88
29.91
29.9
29.06
29.7
29.84
31.13
32.22
32.7
29.96
29.41
28.48
28.14
27.41
27.63
28.78
26.9
27.74
28.27
29.49
30.08
30.43
31.02
29.81
28.56
27.33
26.78
25.84
26.48
26.04
25.55
26.04
25.92
26.09
26.47
24.75
22.66
21.26
21.51
23.27
24.01
23.74
21.66
22.53
24.31
20.94
20.26
20.53
20.2
21.12
19.09
20.85
17.94
17.27
16.81
17.87
19.07
19.11
18.59
18.24
17.51
16.61
18.64
19.96
19.77
17.92
16.01
15.82
17.34
16.59
15.97
15.89
17.91
15.47
15.22
15.58
16.13
16.45
16.62
16.91
17.82
18.1
18.26
19
18.24
18.18
17.55
18.07
18.32
17.48
14.36
12.78
12.24
13.03
15.11
15.41
14.21
13.75
12.84
11.77
11.37
11.57
13.01
13.09
11.24
10.08
9.94
8.28
6.63
6.21
7.33
7.09
7.14
4.59
3.16
3.32
5.86
8.8
8.58
5.62
5.01
6.14
6.79
6.53
5.87
7.13
9.36
10.66
6.8
5.65
5.32
4.88
4.28
4.11
4.76
4.85
3.75
3.7
3.8
3.54
3.33
3.46
2.44
1.67
1.32
1.1
2.86
2.8
4.05
7.66
9.2
9.51
9.44
9.47
9.72
10.22
9.91
9.9
11.45
9.04
7.27
7.28
10.19
6.04
3.38
3.19
3.46
4.51
6.24
6.34
6.67
8.39
6.42
7.08
6.47
3.59
4.34
4.97
6.36
7.54
5.24
3.78
4.5
5.67
7.57
8.46
9.89
9.12
5.74
5.92
6.43
6.92
6.35
8.56
9.14
7.62
7.92
8.97
7.34
11.03
12.24
12.49
12.09
12.81
11.96
11.64
11.25
11.68
11.53
12.1
12.28
11.66
12.09
13.29
8.71
6.6
8.9
11.56
13.37
13.19
12.15
12.1
12.21
13.25
14.73
17.08
18.52
18.81
16.35
18.38
19.94
20.7
17.38
15.96
15.83
17.39
19.35
19.96
19.41
19.56
19.85
19.83
17.44
16.34
16.85
17.05
19.11
19.81
20.95
19.77
19.19
17.91
17.65
17.6
20.24
21.43
19.87
20.03
19.07
19.36
21.77
22.37
23.06
20.87
19.14
20.16
21.89
23
20.94
18.64
20.18
22.07
22.94
23.42
23.4
24.39
24.55
25.37
25.85
25.97
26.12
26.65
27.23
30.82
28.89
29.11
28.07
29.53
29.59
29.06
30.18
30.76
31.26
30.25
31.53
30.77
29.31
30.36
30.58
31.12
26.05
26.17
28.19
28.76
29.43
30.39
30.78
30.37
31.04
31.29
32.02
31.34
31.69
29.9
27.94
28.19
28.25
28.49
28.6
26.34
26.8
28.28
28.88
28.66
27.83
26.69
27.53
29
27.23
29.63
29.98
30.36
30.91
31.32
31.3
31.32
31.5
31.57
31.33
31.51
31.74
32.23
30.88
29.95
30.14
30.28
30.31
31.18
31.94
31.67
31.79
32.02
32.46
32.45
32.93
32.9
32.86
33
33.29
33.61
33.73
34.06
34.06
33.94
33.47
33.43
32.97
33.87
34.02
34.38
34.43
31.49
29.79
29.71
29.7
29.84
30.96
31.64
31.9
30.39
29.58
27.38
25.54
25.82
27.99
28.33
27.28
27.62
29.23
29.59
28.67
28.83
29.23
29.05
29.28
29
28.9
28.89
28.45
28
27.98
27.71
28.35
27.56
26.01
23.51
23.55
23.74
23.94
23.46
22.73
21.28
19.83
19.93
20.59
21.66
21.82
21.82
22.23
21.74
21.74
21.68
19.9
20.4
20.45
20.23
20.88
22.02
21.06
20.92
20.67
21
20.56
19.93
19.42
18.5
17.19
16.15
16.73
17.68
17.52
17.35
16.99
16.02
14.54
13.69
14.7
15.96
17.2
17.61
18.31
18.29
15.4
13.89
14.51
14.3
13.72
12.82
12.55
14.34
17.06
18.32
15.66
17.87
13.78
10.82
10.66
11.51
13.33
10.54
9.47
9.92
10.76
11.47
9.54
8.3
8.21
9.49
9.42
9.74
10.33
7.59
6.65
7.59
9.23
9.26
9.05
8.46
8.44
10.68
11.07
9.59
8.58
9.04
7.43
5.82
5.73
6.75
9.68
12.45
10.6
7.03
4.94
6.52
7.34
6.81
7.89
8.72
7.53
6.87
6.17
4
3.15
2.93
4.46
5.98
6.98
7.37
7.83
6.82
5.91
4.05
5.49
5.91
7.95
8.73
8.48
9.68
10.22
9.89
8.65
8.71
5.34
4.82
4.65
4.54
4.33
4.41
5.33
5.23
3.2
2.41
2.58
4.58
6.45
7.28
9.28
10.93
14.08
14.17
15.34
16.21
14.15
11.44
14.04
15.64
11.18
11.29
15.44
13.53
11.92
12.62
13.37
14.25
11.85
10.68
11.67
13.17
12.43
12.27
12.73
14.57
14.73
12.78
12.03
14.46
17.89
18.54
18.07
19.2
19.06
19.63
18.18
16.79
18.41
17.11
14.32
13.85
13.72
13.22
13.98
16.07
17.49
21
18.35
16.35
18.79
25.05
25.12
25.88
25.69
23.33
23.28
23.95
25.27
18.99
20.68
22.1
26.61
27.02
21.16
20.71
26.69
20.33
16.89
19.8
19.01
16.77
19.7
20.87
22.11
14.32
14.53
18.47
20.52
21.58
23.29
25.69
26.95
27.43
25.58
22.76
24.2
21.21
20.86
21.28
22.45
23.18
24.1
24.98
21.99
25.32
26.89
26.39
25.21
24.42
24.38
26.6
29.53
29.59
28.22
29.07
30.15
30.17
30
30.54
30.91
31.99
32.34
32.12
32.51
31.85
32.29
32.87
33.49
32.82
32.1
32.88
33.49
34.66
34.48
34.11
34.21
34.48
35.04
35.83
36
36.42
37.27
36.03
36.88
33.13
35.44
35.27
35.72
35.51
35.76
36.14
36.7
37.82
37.55
37.86
37.19
35.89
34.06
33.84
34.79
35.47
35.67
36.21
36.31
34.3
38.47
37.97
38.35
39.12
36.54
37.68
39.81
39.58
38.26
39.03
39.92
40.34
40.66
41.25
41.28
41.45
41.17
37.37
40.43
39.88
37.68
27.95
31.81
29.89
31
31.61
32.91
32.17
34.31
33.41
36.72
31.54
34.4
35.83
33.02
33.58
33.09
33.71
33.75
32.92
32.45
32.98
33.37
33.15
33.91
31.87
30.22
29.97
29.08
29.99
29.68
29.95
30.74
30.61
32.11
31.83
27.18
23.85
25.86
26.84
25.86
25.52
26.23
23.32
22.83
24.48
24.45
24.29
25.22
25.7
26.28
24.91
24.34
24.12
24.42
24.89
24.07
30.96
27.5
24.92
21.91
23.49
23.84
24.04
22.52
23.43
24.24
24.9
24.48
19.56
17.49
17.67
19.11
17.41
21.24
20.78
21.19
20.84
16.59
16.31
15.3
16.19
16.47
17.67
16.93
13.26
13.3
13.97
17.16
19.49
17.74
14.39
13.59
13.25
13.74
15.58
16.17
16.78
13.89
11.98
12.13
16.17
13.33
12
12.18
12.89
12.92
14.25
13.59
9.34
9.2
9.53
9.4
10.28
9.96
11.64
10.07
7.48
5.67
5.1
6.26
6.57
6.69
6.39
7.69
9.47
13.29
10.74
8.85
8.37
9.23
10.87
9.69
8.46
7.97
7.01
6.09
6.45
8.24
7.6
7.29
8.09
9.34
9.08
8.54
7.09
6.48
7.66
7.7
8.58
9.09
9.39
8.24
8.35
7.86
4.61
4.85
6.33
6.67
11.29
8.67
5.83
7.22
7.73
6.61
8.34
8.74
8.65
9.68
8.9
8.91
8.1
7.28
8.97
12.72
11.67
11.51
14.45
10.6
9.04
9.35
10.54
8.46
7.05
7.57
4.6
3.84
4.68
5.91
9.81
10.4
10.84
10.44
10.34
9.9
9.21
10.71
11.69
10.09
9.43
10.64
12.1
13.66
13.65
12.88
13.44
11.89
11.72
13.09
14.13
16.15
13.05
11.79
11.37
12.14
14.57
16.28
18.45
19.65
19.76
20.11
19.65
18.02
17.37
16.92
15.87
16.73
18.57
20.06
20.58
20.51
20.81
22.15
22.72
23.87
24.25
24.44
20.81
20.4
20.2
20.69
20.54
20.12
21.03
22.3
22.38
21.28
21.52
22.58
22.06
21.37
21.8
22.52
22.88
21.52
21.19
20.54
20.76
21.95
24.38
24.58
25.43
25.01
24.66
25.37
25.74
26.18
27.26
26.71
27.48
27.59
24.91
24.59
24.88
25.26
22.37
22.7
24.14
24.26
25.14
26.01
26.14
26.25
26.52
24.07
25.91
26.55
26.95
28.16
29.12
28.55
27.64
28.84
29.5
28.8
28
25.81
27.22
29.06
29.86
29.52
26.76
26.2
27.33
27.92
28.82
29.82
28.8
27.68
29.38
29.67
29.99
29.82
29.95
29.83
29.79
28.86
30.52
30.98
31.31
31.91
32.76
33.21
32.8
33.66
34.2
33.91
33.64
34.71
35.24
35.64
35.99
35.3
34.24
32.12
31.6
32.71
32.43
33.03
33.82
33.83
34.3
34.99
35.91
37.07
37.8
37.94
38.13
37.99
37.92
38.38
37.92
37.53
37.95
38.71
39.39
39.68
40.62
40.65
40.63
40.63
40.4
40.29
37.78
36.36
36.13
35.75
35.25
37.22
36.72
34.5
36.79
32.87
31.07
28.56
28.69
29.51
29.93
29.27
28.28
28.95
30.56
30.12
30.93
31.08
29.86
30.17
31.38
31.95
32.31
32.93
33.12
33.48
33.63
32.79
29.98
29.84
30.3
30.03
31.59
27.62
24.59
24.55
25.2
27.22
27.79
26.97
28.7
29.76
30.08
29.45
29.49
31.08
28.32
26.12
26.28
25.82
25.15
24.2
23.97
23.25
22.29
20.89
17.87
17.42
16.98
18.72
19.18
21.14
23.14
23.18
21.83
21.3
21.68
22.38
19.65
18.96
20.04
23.38
23.57
23.71
23.32
21.65
18.07
16.78
16.45
16.64
17.68
18.85
19.35
20.23
19.99
18.83
18.77
17.96
18.12
18.93
21.32
21.66
18.23
13.68
13
12.85
12.9
13.54
12.87
13.94
16.13
16.48
16.29
17.71
15.29
12.5
13.6
12.84
11.82
11.82
13.6
14.93
17.03
16.59
18.76
16.56
14.41
15.15
14.71
14.82
12.91
9.59
8.4
8.57
10.82
12
11.73
11.97
10.87
10.49
12.02
9.45
7.92
8.9
9.86
8.3
6.38
4.21
4.34
4.86
3.99
3.69
5.79
5.1
5.29
4.96
4.82
6.68
5.94
5.2
6.85
9.47
11.53
11.58
8.9
4.36
4.18
3.4
3.78
5.78
6.25
7.72
8.62
7.45
6.78
8.92
9.61
8.03
7.92
10.9
14.74
15.45
10.05
8.33
7.46
8.43
9.23
11.91
11.67
12.43
13.66
11.29
9.39
11.61
10.59
8.67
9.37
10.04
9.06
8.57
9.32
11.42
9.97
7.59
6.98
6.04
6.63
8.04
7.85
7.81
7.36
6.9
6.65
7.36
8.74
12.04
9.64
9.02
10.44
11.84
13.66
10.07
9.31
10.22
11.4
12.84
14.87
17.21
13.33
13.39
12.33
13.75
12.7
11.98
11.34
9.99
8.78
10.21
11.64
14.63
16.73
18.89
18.94
17.66
11.37
9.94
11.2
12.82
16
16.76
19.93
20.39
10.68
11.99
14.62
16.13
18.21
21.41
18.14
19.44
13.64
12.71
14.52
16.62
17.92
12.63
12.9
15.39
16.98
17.89
19.45
21.31
22.1
22.71
13.1
13.08
13.09
14.73
18.21
21.46
21.6
21.15
21.77
21.19
20.33
21.65
23.74
21.95
21.57
23.46
26.53
25.89
24.89
21.05
23.85
24.7
25.31
24.55
25.54
25.9
25.6
24.82
25.08
27.11
26.92
25.14
25.55
27.32
27.7
26.41
26.54
25.44
28.1
28.82
28.93
29.49
31.33
31.32
29.6
30.93
29.67
30.08
28.55
30.05
30.61
31.21
31.65
31.57
32.01
33.34
34.58
34.36
33.22
32.13
30.6
30.27
31.48
31.87
31.7
33.05
34.11
34.6
35.42
35.32
35.44
33.43
33.89
27.24
25.69
28.5
29.6
30.61
31.07
31.27
31.2
31.37
32.27
31.02
30.5
28.59
29.81
29.96
29.76
30.72
32.06
32.11
31.65
31.46
32.2
32.91
33.65
34.11
32.76
32.1
31.21
32.08
33.16
30.2
30.02
29.08
28.88
28.78
28.34
28.43
29.18
29.55
30.32
31.08
31.37
31.94
31.74
30.49
30.88
31.89
32.52
32.83
32.47
32.68
31.46
31.82
32.35
32.62
33.02
32.94
32.39
32.17
31.91
31.77
30.76
28.65
29.15
30.55
29.38
29.04
28.83
26.53
25.12
25.52
25.81
26.74
27.19
28.34
28.58
25.74
23.7
23.73
24.59
26.11
27.07
27.06
22.64
20.39
20.67
20.64
21.58
22.36
24.23
24.53
24.01
23.06
21.28
18.82
18.12
16.9
15.71
16.12
16.9
16.59
17.55
17.31
16.1
16.76
18.45
18.48
21.14
22.06
20.32
17.65
16.21
14.28
15.83
17.64
15.69
14.12
13.63
15
16.23
16.68
13.19
9.77
9.57
12.54
16.23
18.08
15.12
14.43
13.72
15.06
9.06
8.35
6.3
6.17
7.48
6.18
6.56
7.23
9.26
10.6
11.07
11.86
10.48
6.63
5.3
5.34
5.51
5.14
4.29
4.24
3.84
6.74
6.87
6.02
7.16
7.66
8.08
11.18
9.14
6.13
5.59
3.73
5.07
5.29
5.14
5.79
6.98
5.98
4.11
4.53
5.86
4.15
4.03
6.08
4.06
2
2.16
3.24
4.74
7.04
6.57
7.6
8.46
6.76
6.38
7.23
7.15
7.5
7.29
8
6.84
5.87
4.82
3.07
6.13
7.81
5.69
4.27
3.59
5.32
6.97
6.79
5.1
4.55
4.42
3.04
2.01
2.09
2.56
3.26
2.52
2.75
4.87
5.58
7.4
6.97
8.76
11.03
9.18
10.39
12.16
9.3
10.3
10.55
9.04
8.86
7.54
7.53
10.48
10.18
5.31
2.78
5.27
6.63
8.44
8.92
7.94
9.86
10.93
13.77
12.38
11.26
13.37
13.01
10.33
9.88
12.13
12.05
12.02
14.1
12.4
11.84
12.26
12.84
10.27
14.98
13.36
14.38
15.24
17.8
17.03
19.29
21.65
17.72
16.38
14.31
16.47
15.64
16.69
19.28
20.51
21.73
21.41
15.02
15.37
16.31
16.09
18.38
19.14
18.67
20.65
21.65
21.6
22.06
20.42
22.39
23.84
21.85
19.74
19.88
19.86
21.03
21.85
23.43
24.96
26.22
26.42
25.74
26.82
26.32
27.37
24.02
22.4
22.15
21.51
23.08
24.27
24.94
26.52
27.87
29.08
29.62
27.51
26.5
26.96
26.56
26.03
27.31
28.25
27.93
28.47
28.81
30.13
30.61
31.73
31.83
29.49
29.11
25.79
26.28
26.14
28.08
28.24
28.61
28.97
29.54
29.57
29.94
30.45
28.89
30.03
30.3
29.67
29.29
30.11
30.38
29.45
29.32
29.65
30.64
31.26
31.42
30.42
29.92
30.23
31.34
31.75
32.32
32.68
31.03
31.59
31.17
31.33
31.62
30.91
29.97
26.99
25.21
25.37
27.28
28.93
30.96
32.2
32.6
32.94
33.11
33.91
34.15
31.95
32.31
28.83
28.02
28.97
29.04
29.36
29.82
29.76
30.3
31.45
31.92
32.96
32.62
33.13
32.18
32.47
32.59
33.86
32.49
33.78
34.44
34.63
34.77
35.34
35.53
34.88
35.32
35.83
35.68
35.27
34.24
30.69
31.94
32.82
34.17
33.32
34.3
34.76
35.36
28.11
28.72
29.91
31.04
31.45
27.95
23.63
21.82
24.31
25.98
28.56
29.25
28.19
28.66
29.42
29.41
28.15
27.21
27.57
27.32
27.43
27.96
27.81
28.67
28.61
30.2
29.75
25.81
24.33
25.48
25.71
26.81
27.07
27.81
25.49
20.04
21.36
19.8
18.34
19.55
20.02
20.96
20.68
20.4
22.41
23.23
22.54
23.24
23.08
23.96
23.77
23.85
21.94
20.1
20.01
18.71
16.29
16.56
18.08
15.94
15.15
14.59
13.83
14.86
13.83
16.33
12.11
7.7
7.44
7.52
8.17
7.6
6.57
5.62
7.69
9.07
12.93
15
14.84
10.82
9.77
9.45
8.6
10.05
12.82
13.97
7.4
7.29
8.35
11.31
14.39
12.6
11.45
12.73
11.31
10.49
12.16
12.37
14.1
15.45
11.75
8.96
7.78
8.6
9.14
8.95
9.3
10.85
9.15
8.21
7.01
9.97
6.91
5.89
5.61
4.15
2.74
3.07
4.6
5.82
3.38
2.22
3.53
2.61
1.49
1.41
1.38
2.12
3.48
3.24
3.1
5.19
5.36
6.28
6.59
7.84
8.19
7.43
6.81
7.02
7.17
8.19
8.28
10.44
10.98
10.82
9.09
8.7
8.33
5.04
6.08
6.1
5.37
6.33
9.07
10.69
11.77
11.41
10.31
8.7
9.15
10.63
9.48
6.73
6.74
6.97
6.69
7.6
9.58
6.65
3.95
5.59
7.64
6.02
3.18
4.04
4.42
5.05
7.69
6.05
5.03
5.74
8.06
10.45
10.62
12.27
13.3
14.17
13.16
13.86
14.97
15.51
15.47
15.14
14.48
13.78
14.14
16.83
17.3
18.76
17.81
14.83
14.35
16.58
18.04
18.35
21.75
21.44
23.02
20.77
18.07
16.17
19.36
22.64
22.54
22.97
20.43
19.76
22.03
19.56
16.7
19.82
20.12
21.3
21.91
20.55
19.05
20.04
19.94
19.25
20.48
22.01
22.06
18.2
17.05
19.25
20.93
21.85
22.61
22.56
23.74
22.25
22.36
22.65
22.6
22.08
23.2
22.23
21.45
20.15
23.35
24.92
24.43
25.65
26.75
24.7
22.69
22.42
20.1
20.81
21.49
22.44
23.62
24.52
25.19
25.11
24.4
23.68
24.92
27.24
28.2
29.14
30.01
30.61
30.38
30.93
31.55
31.97
31.9
32.33
28.23
29.23
28.74
28.89
27.12
28.33
30.62
31.12
30.08
30.52
31.36
31.79
32.26
32.3
32.42
31.8
32.39
32.81
33.48
32.58
30.94
31.76
31.67
31.2
28.85
27.94
28.39
29.79
30.53
30.9
31.58
32.17
32.01
31.72
32
32.42
32.76
32.94
30.56
30.54
32.2
32.26
32.06
31.84
31.76
31.59
31.42
31.92
31.51
30.96
29.93
29.35
29.46
31.07
31.99
32.22
31.75
31.84
30.91
31.63
30.3
29.41
28.15
28.67
28.57
29.15
29.82
26.3
25.1
27.84
30.22
30.09
30.64
31.45
32.35
31.93
30.06
31.49
32.14
31.72
31.84
31.9
32.05
32.2
32.33
33.43
33.93
33.73
31.16
30.4
29.33
28.94
28.68
27.84
28.15
29.96
30.74
30.84
27.94
24.46
27.08
28.56
28.07
27.72
28.15
27.24
26.96
27.11
27.05
27.48
25.14
23.78
23.51
23.85
22.43
23.31
24.51
25.19
23.68
22.97
24.5
24.65
23.5
23.82
24.88
23.4
22.05
21.76
21.74
23.26
24.63
23.25
23.71
21.06
19.09
18.23
19.6
18.88
18.01
16.64
17.47
17.23
18.33
19.47
20.09
21.11
18.14
16.83
15.74
15.49
16.59
18.64
14.85
14.04
13.33
14.48
16.26
17
13.33
12.65
13.27
11.12
8.77
9.66
11.43
15.66
16.81
7.91
6.17
7.09
8.43
7.61
7.7
8.57
8.68
8.68
9.2
8.81
9.58
10.81
11.63
11.49
15.9
14.78
11.59
11
8.44
7.09
6.69
7.36
10.43
11.01
10.02
12.1
9.94
10.02
13.06
5.96
4.25
4.01
6.61
6.97
5.85
5.05
5.27
5.34
4.79
6.25
8.51
7.08
5.72
4.81
5.24
6.12
6.5
7.63
8.1
6.71
5.43
4.1
5.05
5.39
5.13
4.08
5.23
6.74
8.54
6.52
6.44
7.65
8.76
10.11
11.09
10.53
10.1
6.52
6.13
6.77
8.98
8.12
6.86
6.28
7.61
9.56
9.75
9.18
10.81
11.26
11.06
10.71
13.15
15.9
17.52
15.09
13.38
10.31
9.62
8.93
8.84
11.15
13.99
14.03
14.29
11.92
13.41
12.79
14.3
14.11
16.19
16.68
16
16.4
15.53
16.43
17.07
17.27
16.54
15.46
15.65
13.97
12.07
11.64
12.56
15.85
19.29
16.29
15.34
18.24
16.04
16
18.2
20.47
18.62
16.48
17.01
18.46
20.56
21.3
21.68
20.77
20.59
18.65
21.77
19.23
18.25
18.86
18.92
19.74
21.02
20.12
20.86
21.76
22.2
22.66
23.04
22.5
22.02
24.55
23.57
23.08
22.37
21.39
23
21.16
19.49
20.67
22.57
23.38
23.8
23.57
22.75
24.47
26.22
27.33
26.26
24.99
23.06
21.18
22.28
21.46
19.99
19.15
22.73
24.73
26.18
25.03
27.6
29.15
28.31
26.83
27.47
29.12
28.45
27.96
26.55
26.53
26.13
27.52
27.42
27.67
28.37
29.2
29.15
29.95
30.25
27.89
28.31
29.92
32.16
32.71
32.84
31.78
31.62
31.39
31.65
32.26
32.81
32.37
31.94
31.85
31.32
31.6
31.07
32.78
32.44
34.04
34.51
34.81
35.19
35.96
36.11
33.58
32.64
32.81
32.87
34.01
35.07
33.57
31.18
32.91
32.98
33.61
33.81
34.47
35.05
35.35
35.45
35.97
35.91
32.95
33.45
34.01
31.47
32.82
33.98
34.78
34.97
35.17
34.93
35.02
35.04
35.37
34.7
35.99
36.49
36.73
35.41
34.71
33.31
33.98
33.61
34.41
33.18
32.2
29.68
28.69
28.13
29.85
31.39
32.71
32.99
32.89
32.96
33.91
34.65
33.27
31.21
29.15
28.81
30.18
32.17
32.87
33.53
34.19
33.72
29.67
27.54
28.92
30.63
28.77
28.3
28.9
28.22
28.13
30.23
30.68
30.28
29.17
28.69
29.12
26.87
25.32
24.34
24.8
23.83
23.51
23.86
24.19
24.2
25.06
26.72
27.4
23.44
22.12
22.23
22.4
22.67
23.4
20.67
22.23
24.46
25.7
26.42
25.85
25.82
23.54
21.21
21.03
21.65
22.64
23.53
24.04
24.17
24.38
24.22
23.59
23.37
24.41
25.02
22.7
21.3
21.91
20.61
20.71
20.4
19.32
17.54
18.42
16.85
16.34
16.86
17.01
17.34
18.09
15.78
12.17
11.52
13.06
16.79
14.9
13.51
13.16
12.15
14.38
15.34
13.22
11.34
10.55
11.28
11.7
11.61
9.83
10.1
8.1
5.8
4.91
6.45
10.21
8.47
7.67
6.08
4.42
8.65
7.06
2.05
1.67
3.02
5.26
5.49
6.55
8.29
14.01
12.21
9.32
10.45
8.96
7.11
8.86
9.51
12.99
8.89
6.09
4.09
3.78
3.6
3.42
5.22
9.62
10.29
9.84
6.95
6.03
6.63
8.52
8.5
9.87
11.45
10.84
10.11
10.82
9.31
10.36
9.03
6.58
5.92
6.16
7.78
9.13
9.78
9.61
6.88
6.99
6.98
8.54
12.91
13.2
10.36
8.66
11.39
15.41
13.96
11.93
9.31
9.25
10
11.61
13.95
15.33
15.72
14.62
14.45
16.18
12.12
9.3
9.88
13.85
16.59
12.9
11.55
11.67
11.25
13.74
17.57
14.26
13.52
17.38
17.31
14.18
11.7
12.74
12.44
13.14
15.28
19.44
20.59
22.02
22.89
23.27
21.54
22.29
22.73
18.54
17.9
19.04
17.73
16.86
16.96
17.64
17.27
17.63
20.2
19.61
17.36
17.84
18.19
20.28
21.85
21.77
20.7
21.43
20.67
22.23
23.55
22.55
21.15
22.65
23.44
23.08
20.54
17.11
18.89
19.47
21.81
18.07
17.82
21.97
18.93
15.39
17.41
21.07
19.59
19.17
20.89
22.8
24.08
24.95
26.14
25.09
25.35
24.14
24.85
26.14
28.03
25.84
25.52
25.66
22.96
24.07
24.15
23.78
22.76
23.22
24.27
28.11
29.2
28.49
27.79
27.13
27.9
27.56
25.34
26.22
27.43
28.97
29.33
28.69
27.37
27.93
29.31
29.93
30.63
31.07
31.33
32.83
33.51
33.54
30.23
31.55
32.87
33.03
33.31
34.13
32.05
31.88
32.4
33.65
34.27
34.44
32.25
31.35
30.68
30.94
30.03
32.06
33.1
33.56
32.04
32.35
32.72
33.48
33.8
34.03
34.27
33.67
33.1
33.04
33.34
33.86
34.22
34.63
34.98
34.61
33.77
34.44
35.07
34.25
34.9
34.94
33.86
33.02
30.47
30.73
31.22
30.78
31.44
30.91
30.06
29.83
30.36
30.63
30.94
28.72
29.41
30.68
31.32
31.67
31.76
32.25
32.86
32
31.8
31.65
29.77
29.62
29.19
29.84
30.31
30.27
29
28.71
28.98
28.62
29.08
29.7
30.28
28.56
27.1
26.74
26.8
26.87
26.93
26.93
26.25
26.57
27.44
28.78
29.44
29.65
28.02
29.29
29.92
30.63
29.84
29.04
28.66
28.06
26.7
24.52
23.58
24.67
25.02
25.04
25.24
26.5
26.81
27.3
27.13
26.13
23.73
24.26
20.83
20.24
21.81
24.55
25.86
22.17
20.11
19.41
19.79
20.19
21.39
22.91
20.51
18.81
17.28
17.09
17.87
14.7
13.02
14.6
15.06
13.44
15.03
17.35
17.14
17.8
19.69
16.57
14.82
13.33
13.1
13.7
15.09
16.04
16.16
17.83
18.38
15.9
19.33
17.23
14.06
13.3
13.7
12.15
12.7
14.1
14.48
13.84
14.81
16.2
15.67
14.59
14.64
15.16
15.71
17.5
14.8
12.84
11.31
9.57
10.01
10.36
10.95
11.09
14.98
15.37
14.77
16.03
16.57
17.8
19.3
19.26
17.8
10.57
8.8
8.43
7.17
6.26
5.59
6.1
6.89
6.4
4.78
3.39
2.75
2.44
2.63
3.35
4.68
7.17
7.39
7.19
8.27
8.01
5.04
4.84
5.28
4.88
3.3
9.31
11.48
13.87
18.08
19.08
14.94
13.9
14.53
13.84
8.85
9.58
8.37
7.84
7.07
8.58
8.96
8.05
7.77
7.5
5.7
5.01
5.25
5.73
7.59
7.05
5.62
4.99
6.38
8.73
11.9
11.57
10.54
18.52
21.64
16.34
10.82
12.31
13.76
16.17
16.05
16.18
10.11
12.77
13.04
11.67
12.62
13.78
14.05
11.43
10.41
10.58
12.34
14.21
14.01
12
11.42
11.56
12.95
15.18
14.32
14.15
13.99
13.27
14
22.52
23.54
24.5
22.38
23.6
19.89
20.06
20.22
18.56
16.61
15.09
12.89
15.61
14.05
14.34
15.34
12.48
11.62
13.49
14.94
16.32
18.79
20.45
17.01
15.25
15.92
18.8
16.88
18.91
18.55
16.98
16.33
18.23
19.79
18.54
18.09
19.31
19.77
20.39
20.91
21.69
22.97
23.51
23.24
23.3
24.13
25.32
25.17
25.75
25.64
25.54
26.46
27.01
27.94
26.65
26.67
27.22
27.63
28.5
26.96
26.77
27.75
28.64
29.28
28.07
28.68
29.6
29.71
29.88
30.41
30.5
31.17
31.32
29.93
28.58
29.06
30.15
28.62
28.32
29.76
30.02
30.7
29.98
30.15
30.54
30.63
30.74
30.75
30.77
30.29
29.8
29.66
29.2
28.69
28.83
27.82
29.51
30.34
30.85
30.98
30.75
30.03
31.18
32.15
32.18
32.41
33.03
32.97
32.83
32.58
32.99
33.41
33.77
33.68
33.87
33.95
34.01
34.21
33.4
33.4
34.12
34.41
34.43
33.23
32.92
33.31
33.03
33.17
33.66
33.99
32.03
31.33
30.89
31.18
31.38
31.22
31.68
32.22
32.5
31.51
31.02
31.6
31.86
30.96
30.23
30.23
31.12
31.55
32.2
32.48
31.67
30.6
30.03
30.37
30.95
31.73
32.15
32.39
32.65
33.07
33.23
33.39
33.11
32.82
32.51
31.84
30.33
30.62
30.66
29.95
29.11
28.1
27.14
27.82
28.41
28.52
28.74
28.93
29.28
29.59
29.85
29.82
29.84
28.04
25.85
25.94
26.58
27.01
25.07
23.4
24.1
24.79
25.85
26.62
26.81
27.33
27.75
27.87
27.6
26.19
26.66
25.96
24.5
22.72
22.01
21.27
20.81
18.49
17.88
18.11
18.97
19.06
18.93
18.4
18.02
18.75
18.05
17.97
18.04
18.4
18.69
18.77
20.17
18.72
17.4
16.78
16.45
16.27
16.49
16.69
17.05
16.21
14.85
13.03
13.24
12.09
9.81
8.88
9.53
11.06
11.6
10.73
9.78
10.25
10.14
10.42
12.35
12.01
11.79
9.67
9.34
9.81
10.78
11.96
12.73
11.35
10.53
9.22
8.09
9.49
9.25
8.14
8.05
7.53
7.5
9.13
9.81
8.41
7.69
7.92
8.31
9.03
9.56
9.56
8.67
8.72
8.79
8.19
8.72
11.43
11.34
8.25
6.9
6.34
7.34
6.45
5.21
4.77
5.35
6.43
7.74
10.67
9.62
8.37
7.72
8.07
7.97
6.58
6.89
6.94
7.85
8.58
8.33
7.46
5.4
5.95
7.82
5.82
5.78
5.28
5.4
6.49
6.75
5.42
5.1
5.18
7.77
9.83
11.84
12.39
11.32
10.43
8.44
6.21
6.14
6.62
7.84
8.61
7.97
9.5
9.32
7.03
7.33
6.63
6.02
6.65
7.62
8.45
9.51
8.95
8.92
9.02
7.56
5.4
5.65
5.9
5.36
4.25
4.42
5.21
6.86
8.49
10.34
9.56
9.56
11.39
13.4
12.38
11.05
10.85
11.66
12.54
12.77
13.69
13.58
14.08
15.26
16.97
15.87
15.61
15.75
16.63
16.96
14.91
13.08
13.47
13.9
14.74
16.13
17
17.95
18.67
19.35
19.55
20.18
19.18
16.85
14.78
13.99
16.14
17.74
19.09
19.67
18.41
18.25
19.64
20.05
20.13
19.46
20
20.41
21.25
21.56
21.74
21.67
20.91
20.78
20.66
20.46
20.9
22.85
23.38
22.78
21.56
20.06
19.5
20.1
21.29
22.97
24.03
24.81
24.95
24.25
24.01
23.95
24.02
23.83
25.36
26.26
26.37
26.82
27.11
26.91
25.32
25.25
26.18
26.64
27.06
27.49
27.5
27.61
27.27
27.48
28.16
27.52
26.86
26.35
26.79
26.49
26.51
27.84
27.68
27.5
28.04
28.27
28.83
30.28
30.43
29.14
28.51
29.07
29.86
30.34
30.75
30.67
30.57
30.15
30.39
30.67
30.66
30.77
30.32
30.25
30.49
30.66
31.21
31.6
31.01
31.06
31.38
31.23
32.01
32.7
32.84
33
33.17
33.09
32.37
31.35
30.99
31.03
30.51
30.6
31.1
31.93
32.1
32.2
32.41
32.25
31.63
31.25
31.8
32.51
33.09
33.05
32.68
33.12
33.66
33.94
33.07
32.54
32.46
33.09
33.75
33.2
33.27
33.49
33.51
33.24
32.25
31.46
30.93
32.08
30.65
30.6
31.16
29.78
29.31
30.24
30.48
30.43
30.48
30.26
30.08
30.14
29.84
29.87
30.19
30.28
30.46
29.66
29.65
29.66
29.7
29.45
29.36
29.31
29.04
28.36
28.66
28.78
29.42
29.48
29.45
29.18
29.23
29.2
29.12
29.19
29.04
28.31
27.36
27.8
27.15
25.22
23.78
24.62
25.16
20.82
18.4
18.64
20.18
22.78
21.05
19.59
20.05
20.6
20.18
20.11
18.86
18.88
18.45
15.27
15.66
16.14
15.58
13.99
12.74
11.54
11.11
11.93
11.83
13.14
14.3
15.99
14.83
12.81
13.09
14.25
13.7
10.06
9.26
9.58
10.01
10.31
11.32
11.5
12.34
13.77
14.96
12.81
11.59
11.26
11.32
11.75
11.01
10.53
10.62
11.71
10.16
9.27
9.32
9.82
11.35
11.31
10.21
10.94
11.33
9.54
8.35
9.13
9.31
9.44
8.81
7.93
7
6.6
6.53
7.14
8.31
8.81
8.08
8.55
9.75
10.71
10.61
12.12
10.85
8.79
7.74
